time,open,high,low,close,Volume,Total common shares outstanding,Total assets,Total liabilities,Operating income,Total revenue,Shareholders&#039; equity,Dividend yield %
1479085200,2.57,2.57,2.56,2.56,3000,NaN,NaN,NaN,NaN,NaN,NaN,NaN
1479171600,2.55,2.55,2.55,2.55,1000,NaN,NaN,NaN,NaN,NaN,NaN,NaN
1479258000,2.55,2.56,2.5,2.56,541900,NaN,NaN,NaN,NaN,NaN,NaN,NaN
1479344400,2.55,2.57,2.54,2.57,222300,NaN,NaN,NaN,NaN,NaN,NaN,NaN
1479430800,2.57,2.63,2.57,2.63,574200,NaN,NaN,NaN,NaN,NaN,NaN,NaN
1479690000,2.63,2.63,2.59,2.6,730100,NaN,NaN,NaN,NaN,NaN,NaN,NaN
1479776400,2.55,2.6,2.55,2.6,41000,NaN,NaN,NaN,NaN,NaN,NaN,NaN
1479862800,2.59,2.6,2.59,2.6,352200,NaN,NaN,NaN,NaN,NaN,NaN,NaN
1479949200,2.59,2.6,2.58,2.59,217600,NaN,NaN,NaN,NaN,NaN,NaN,NaN
1480035600,2.59,2.6,2.51,2.51,307400,NaN,NaN,NaN,NaN,NaN,NaN,NaN
1480294800,2.53,2.55,2.52,2.52,30300,NaN,NaN,NaN,NaN,NaN,NaN,NaN
1480381200,2.5,2.59,2.5,2.58,91100,NaN,NaN,NaN,NaN,NaN,NaN,NaN
1480467600,2.58,2.58,2.57,2.58,712800,NaN,NaN,NaN,NaN,NaN,NaN,NaN
1480554000,2.58,2.6,2.52,2.52,901900,NaN,NaN,NaN,NaN,NaN,NaN,NaN
1480640400,2.55,2.57,2.55,2.56,11200,NaN,NaN,NaN,NaN,NaN,NaN,NaN
1480899600,2.56,2.56,2.53,2.53,1700,NaN,NaN,NaN,NaN,NaN,NaN,NaN
1480986000,2.52,2.57,2.52,2.57,55700,NaN,NaN,NaN,NaN,NaN,NaN,NaN
1481072400,2.55,2.57,2.52,2.52,271700,NaN,NaN,NaN,NaN,NaN,NaN,NaN
1481158800,2.52,2.55,2.52,2.52,576400,NaN,NaN,NaN,NaN,NaN,NaN,NaN
1481245200,2.52,2.53,2.52,2.52,1005800,NaN,NaN,NaN,NaN,NaN,NaN,NaN
1481590800,2.52,2.52,2.49,2.49,252700,NaN,NaN,NaN,NaN,NaN,NaN,NaN
1481677200,2.52,2.56,2.52,2.53,1973900,NaN,NaN,NaN,NaN,NaN,NaN,NaN
1481763600,2.56,2.57,2.52,2.55,1703800,NaN,NaN,NaN,NaN,NaN,NaN,NaN
1481850000,2.55,2.57,2.55,2.57,917100,NaN,NaN,NaN,NaN,NaN,NaN,NaN
1482109200,2.57,2.59,2.53,2.58,1439800,NaN,NaN,NaN,NaN,NaN,NaN,NaN
1482195600,2.52,2.59,2.52,2.56,604500,NaN,NaN,NaN,NaN,NaN,NaN,NaN
1482282000,2.58,2.58,2.53,2.54,172700,NaN,NaN,NaN,NaN,NaN,NaN,NaN
1482368400,2.54,2.54,2.5,2.52,438600,NaN,NaN,NaN,NaN,NaN,NaN,NaN
1482454800,2.5,2.51,2.49,2.49,405500,NaN,NaN,NaN,NaN,NaN,NaN,NaN
1482800400,2.49,2.5,2.49,2.5,6100,NaN,NaN,NaN,NaN,NaN,NaN,NaN
1482886800,2.5,2.51,2.46,2.47,129600,NaN,NaN,NaN,NaN,NaN,NaN,NaN
1482973200,2.52,2.52,2.48,2.49,2338400,NaN,NaN,NaN,NaN,NaN,NaN,NaN
1483059600,2.51,2.51,2.46,2.47,406600,NaN,NaN,NaN,NaN,NaN,NaN,NaN
1483405200,2.47,2.53,2.46,2.51,665800,NaN,NaN,NaN,NaN,NaN,NaN,NaN
1483491600,2.52,2.56,2.52,2.56,486300,NaN,NaN,NaN,NaN,NaN,NaN,NaN
1483578000,2.56,2.57,2.53,2.57,382400,NaN,NaN,NaN,NaN,NaN,NaN,NaN
1483664400,2.57,2.62,2.56,2.6,424500,NaN,NaN,NaN,NaN,NaN,NaN,NaN
1483923600,2.6,2.6,2.56,2.56,240100,NaN,NaN,NaN,NaN,NaN,NaN,NaN
1484010000,2.56,2.57,2.56,2.56,567400,NaN,NaN,NaN,NaN,NaN,NaN,NaN
1484096400,2.56,2.56,2.54,2.54,27500,NaN,NaN,NaN,NaN,NaN,NaN,NaN
1484182800,2.54,2.56,2.54,2.55,362400,NaN,NaN,NaN,NaN,NaN,NaN,NaN
1484269200,2.56,2.57,2.56,2.57,633500,NaN,NaN,NaN,NaN,NaN,NaN,NaN
1484528400,2.56,2.56,2.54,2.55,165400,NaN,NaN,NaN,NaN,NaN,NaN,NaN
1484614800,2.55,2.57,2.53,2.57,650300,NaN,NaN,NaN,NaN,NaN,NaN,NaN
1484701200,2.57,2.58,2.56,2.57,1346000,NaN,NaN,NaN,NaN,NaN,NaN,NaN
1484787600,2.57,2.57,2.56,2.57,1843400,NaN,NaN,NaN,NaN,NaN,NaN,NaN
1484874000,2.57,2.59,2.56,2.59,199300,NaN,NaN,NaN,NaN,NaN,NaN,NaN
1485133200,2.58,2.6,2.58,2.59,1170300,NaN,NaN,NaN,NaN,NaN,NaN,NaN
1485219600,2.6,2.61,2.59,2.61,2234500,NaN,NaN,NaN,NaN,NaN,NaN,NaN
1485306000,2.6,2.68,2.6,2.67,1737900,NaN,NaN,NaN,NaN,NaN,NaN,NaN
1485392400,2.66,2.7,2.66,2.7,746400,NaN,NaN,NaN,NaN,NaN,NaN,NaN
1485478800,2.68,2.74,2.64,2.7,61600,NaN,NaN,NaN,NaN,NaN,NaN,NaN
1485824400,2.7,2.72,2.7,2.71,120600,NaN,NaN,NaN,NaN,NaN,NaN,NaN
1485997200,2.71,2.75,2.7,2.71,216100,NaN,NaN,NaN,NaN,NaN,NaN,NaN
1486083600,2.7,2.72,2.7,2.71,267200,NaN,NaN,NaN,NaN,NaN,NaN,NaN
1486342800,2.7,2.74,2.69,2.71,944300,NaN,NaN,NaN,NaN,NaN,NaN,NaN
1486429200,2.71,2.75,2.7,2.73,435300,NaN,NaN,NaN,NaN,NaN,NaN,NaN
1486515600,2.72,2.79,2.72,2.75,614100,NaN,NaN,NaN,NaN,NaN,NaN,NaN
1486688400,2.73,2.75,2.73,2.73,521800,NaN,NaN,NaN,NaN,NaN,NaN,NaN
1486947600,2.73,2.75,2.73,2.73,875600,NaN,NaN,NaN,NaN,NaN,NaN,NaN
1487034000,2.73,2.76,2.73,2.76,714600,NaN,NaN,NaN,NaN,NaN,NaN,NaN
1487120400,2.73,2.77,2.73,2.76,651200,NaN,NaN,NaN,NaN,NaN,NaN,NaN
1487206800,2.85,2.89,2.83,2.86,1494600,NaN,NaN,NaN,NaN,NaN,NaN,NaN
1487293200,2.87,2.9,2.87,2.89,1016400,NaN,NaN,NaN,NaN,NaN,NaN,NaN
1487552400,2.9,2.98,2.9,2.96,2035200,NaN,NaN,NaN,NaN,NaN,NaN,NaN
1487638800,2.92,2.98,2.91,2.96,1212800,NaN,NaN,NaN,NaN,NaN,NaN,NaN
1487725200,2.94,2.97,2.92,2.97,1415400,NaN,NaN,NaN,NaN,NaN,NaN,NaN
1487811600,2.97,2.98,2.95,2.98,817200,NaN,NaN,NaN,NaN,NaN,NaN,NaN
1487898000,2.81,2.98,2.81,2.98,1052600,NaN,NaN,NaN,NaN,NaN,NaN,NaN
1488157200,2.95,2.95,2.84,2.9,370700,NaN,NaN,NaN,NaN,NaN,NaN,NaN
1488243600,2.89,2.9,2.87,2.88,943600,NaN,NaN,NaN,NaN,NaN,NaN,NaN
1488330000,2.84,2.92,2.81,2.92,396700,NaN,NaN,NaN,NaN,NaN,NaN,NaN
1488416400,2.9,2.92,2.86,2.88,1765500,NaN,NaN,NaN,NaN,NaN,NaN,NaN
1488502800,2.9,2.98,2.89,2.9,207400,NaN,NaN,NaN,NaN,NaN,NaN,NaN
1488762000,2.98,2.98,2.87,2.95,618800,NaN,NaN,NaN,NaN,NaN,NaN,NaN
1488848400,2.88,2.98,2.87,2.98,1353800,NaN,NaN,NaN,NaN,NaN,NaN,NaN
1488934800,2.88,3,2.88,3,727800,NaN,NaN,NaN,NaN,NaN,NaN,NaN
1489021200,2.98,2.98,2.93,2.93,1100,NaN,NaN,NaN,NaN,NaN,NaN,NaN
1489107600,2.9,2.93,2.85,2.9,446700,NaN,NaN,NaN,NaN,NaN,NaN,NaN
1489366800,2.88,2.95,2.88,2.95,2223900,NaN,NaN,NaN,NaN,NaN,NaN,NaN
1489453200,2.99,2.99,2.95,2.96,776900,NaN,NaN,NaN,NaN,NaN,NaN,NaN
1489539600,2.96,2.98,2.89,2.98,850500,NaN,NaN,NaN,NaN,NaN,NaN,NaN
1489626000,2.91,2.98,2.91,2.96,76500,NaN,NaN,NaN,NaN,NaN,NaN,NaN
1489712400,2.96,2.99,2.96,2.98,1281100,NaN,NaN,NaN,NaN,NaN,NaN,NaN
1489971600,2.97,3,2.96,3,2370200,NaN,NaN,NaN,NaN,NaN,NaN,NaN
1490058000,3,3,2.96,2.98,3067200,NaN,NaN,NaN,NaN,NaN,NaN,NaN
1490144400,2.95,2.97,2.95,2.97,13600,NaN,NaN,NaN,NaN,NaN,NaN,NaN
1490230800,2.99,3.05,2.99,3.02,359600,NaN,NaN,NaN,NaN,NaN,NaN,NaN
1490317200,3,3,2.92,2.92,25900,NaN,NaN,NaN,NaN,NaN,NaN,NaN
1490576400,2.92,2.99,2.91,2.92,18500,NaN,NaN,NaN,NaN,NaN,NaN,NaN
1490662800,2.92,3,2.92,2.99,1265000,NaN,NaN,NaN,NaN,NaN,NaN,NaN
1490749200,3,3,2.93,2.97,136700,NaN,NaN,NaN,NaN,NaN,NaN,NaN
1490835600,2.97,2.99,2.97,2.98,224800,NaN,NaN,NaN,NaN,NaN,NaN,NaN
1490922000,2.99,3.02,2.98,3,586000,NaN,NaN,NaN,NaN,NaN,NaN,NaN
1491181200,3,3.03,3,3,1069100,NaN,NaN,NaN,NaN,NaN,NaN,NaN
1491267600,3,3,2.96,2.97,325600,NaN,NaN,NaN,NaN,NaN,NaN,NaN
1491354000,3,3.04,2.99,3.04,642500,NaN,NaN,NaN,NaN,NaN,NaN,NaN
1491440400,3.03,3.03,2.99,3.03,140500,NaN,NaN,NaN,NaN,NaN,NaN,NaN
1491526800,3.03,3.1,3.02,3.08,697200,NaN,NaN,NaN,NaN,NaN,NaN,NaN
1491786000,3.07,3.07,3,3,91300,NaN,NaN,NaN,NaN,NaN,NaN,NaN
1491872400,3.06,3.08,3.04,3.06,1137000,NaN,NaN,NaN,NaN,NaN,NaN,NaN
1491958800,3.04,3.05,3.03,3.04,2214500,NaN,NaN,NaN,NaN,NaN,NaN,NaN
1492045200,3.04,3.05,3.03,3.03,227900,NaN,NaN,NaN,NaN,NaN,NaN,NaN
1492131600,3.03,3.03,2.98,3,758500,NaN,NaN,NaN,NaN,NaN,NaN,NaN
1492390800,3,3.01,2.98,3.01,574400,NaN,NaN,NaN,NaN,NaN,NaN,NaN
1492477200,3.01,3.09,3.01,3.04,1480700,NaN,NaN,NaN,NaN,NaN,NaN,NaN
1492563600,3.04,3.07,3,3.07,437200,NaN,NaN,NaN,NaN,NaN,NaN,NaN
1492650000,3.04,3.05,3.03,3.04,245200,NaN,NaN,NaN,NaN,NaN,NaN,NaN
1492736400,3.07,3.07,3.03,3.07,425000,NaN,NaN,NaN,NaN,NaN,NaN,NaN
1493082000,3.07,3.12,3.07,3.12,288600,NaN,NaN,NaN,NaN,NaN,NaN,NaN
1493168400,3.1,3.13,3.1,3.12,953300,NaN,NaN,NaN,NaN,NaN,NaN,NaN
1493254800,3.12,3.12,3.06,3.09,395700,NaN,NaN,NaN,NaN,NaN,NaN,NaN
1493341200,3.09,3.1,3.09,3.09,95200,NaN,NaN,NaN,NaN,NaN,NaN,NaN
1493686800,3.05,3.15,3.05,3.1,682900,NaN,NaN,NaN,NaN,NaN,NaN,NaN
1493773200,3.1,3.12,3.08,3.08,881600,NaN,NaN,NaN,NaN,NaN,NaN,NaN
1493859600,3.06,3.1,3.05,3.1,543100,NaN,NaN,NaN,NaN,NaN,NaN,NaN
1493946000,3.1,3.15,3.07,3.1,143500,NaN,NaN,NaN,NaN,NaN,NaN,NaN
1494205200,3.1,3.15,3.07,3.1,432400,NaN,NaN,NaN,NaN,NaN,NaN,NaN
1494291600,3.1,3.14,3.09,3.1,1057600,NaN,NaN,NaN,NaN,NaN,NaN,NaN
1494464400,3.1,3.1,2.93,2.96,745900,NaN,NaN,NaN,NaN,NaN,NaN,NaN
1494550800,2.99,3.02,2.93,2.94,1129600,NaN,NaN,NaN,NaN,NaN,NaN,NaN
1494810000,2.99,2.99,2.94,2.95,2341600,NaN,NaN,NaN,NaN,NaN,NaN,NaN
1494896400,2.95,2.96,2.92,2.95,679200,NaN,NaN,NaN,NaN,NaN,NaN,NaN
1494982800,2.92,2.97,2.92,2.96,453600,NaN,NaN,NaN,NaN,NaN,NaN,NaN
1495069200,2.96,2.99,2.95,2.95,185400,NaN,NaN,NaN,NaN,NaN,NaN,NaN
1495155600,2.94,2.98,2.92,2.95,1748700,NaN,NaN,NaN,NaN,NaN,NaN,NaN
1495414800,3,3,2.95,2.96,464000,NaN,NaN,NaN,NaN,NaN,NaN,NaN
1495501200,2.97,2.98,2.91,2.93,961600,NaN,NaN,NaN,NaN,NaN,NaN,NaN
1495587600,2.88,2.93,2.88,2.93,417900,NaN,NaN,NaN,NaN,NaN,NaN,NaN
1495674000,2.93,2.95,2.92,2.94,533300,NaN,NaN,NaN,NaN,NaN,NaN,NaN
1495760400,2.89,2.94,2.89,2.94,522600,NaN,NaN,NaN,NaN,NaN,NaN,NaN
1496019600,2.91,2.95,2.9,2.95,50000,NaN,NaN,NaN,NaN,NaN,NaN,NaN
1496106000,2.95,2.96,2.94,2.95,1166500,NaN,NaN,NaN,NaN,NaN,NaN,NaN
1496192400,2.88,2.9,2.84,2.86,1718900,NaN,NaN,NaN,NaN,NaN,NaN,NaN
1496278800,2.86,2.9,2.86,2.87,53500,NaN,NaN,NaN,NaN,NaN,NaN,NaN
1496365200,2.87,2.88,2.84,2.87,726700,NaN,NaN,NaN,NaN,NaN,NaN,NaN
1496624400,2.87,2.87,2.81,2.81,876400,NaN,NaN,NaN,NaN,NaN,NaN,NaN
1496710800,2.86,2.86,2.83,2.85,1263900,NaN,NaN,NaN,NaN,NaN,NaN,NaN
1496797200,2.85,2.86,2.84,2.85,695300,NaN,NaN,NaN,NaN,NaN,NaN,NaN
1496883600,2.85,2.85,2.84,2.85,2420400,NaN,NaN,NaN,NaN,NaN,NaN,NaN
1496970000,2.85,2.86,2.85,2.85,417700,NaN,NaN,NaN,NaN,NaN,NaN,NaN
1497315600,2.84,2.88,2.84,2.88,225600,NaN,NaN,NaN,NaN,NaN,NaN,NaN
1497402000,2.9,2.93,2.89,2.93,49500,NaN,NaN,NaN,NaN,NaN,NaN,NaN
1497488400,2.92,2.93,2.92,2.93,66400,NaN,NaN,NaN,NaN,NaN,NaN,NaN
1497574800,2.92,2.96,2.92,2.94,172900,NaN,NaN,NaN,NaN,NaN,NaN,NaN
1497834000,2.92,2.93,2.85,2.92,1171100,NaN,NaN,NaN,NaN,NaN,NaN,NaN
1497920400,2.92,2.92,2.87,2.92,67800,NaN,NaN,NaN,NaN,NaN,NaN,NaN
1498006800,2.96,2.97,2.86,2.95,462800,NaN,NaN,NaN,NaN,NaN,NaN,NaN
1498093200,2.95,2.96,2.86,2.86,2100,NaN,NaN,NaN,NaN,NaN,NaN,NaN
1498179600,2.87,2.87,2.87,2.87,16400,NaN,NaN,NaN,NaN,NaN,NaN,NaN
1498611600,2.88,2.97,2.82,2.96,45300,NaN,NaN,NaN,NaN,NaN,NaN,NaN
1498698000,2.95,2.95,2.94,2.94,2500,NaN,NaN,NaN,NaN,NaN,NaN,NaN
1498784400,2.9,3,2.86,3,538000,NaN,NaN,NaN,NaN,NaN,NaN,NaN
1499043600,2.98,3.03,2.98,3,1305300,NaN,NaN,NaN,NaN,NaN,NaN,NaN
1499130000,3,3,2.9,2.91,259000,NaN,NaN,NaN,NaN,NaN,NaN,NaN
1499216400,2.91,2.91,2.91,2.91,1700,NaN,NaN,NaN,NaN,NaN,NaN,NaN
1499302800,2.9,3,2.89,3,593800,NaN,NaN,NaN,NaN,NaN,NaN,NaN
1499389200,3,3,3,3,31700,NaN,NaN,NaN,NaN,NaN,NaN,NaN
1499648400,2.93,2.97,2.92,2.95,90200,NaN,NaN,NaN,NaN,NaN,NaN,NaN
1499734800,2.92,2.98,2.91,2.98,526000,NaN,NaN,NaN,NaN,NaN,NaN,NaN
1499821200,2.98,2.98,2.97,2.98,542800,NaN,NaN,NaN,NaN,NaN,NaN,NaN
1499907600,2.99,2.99,2.93,2.95,99100,NaN,NaN,NaN,NaN,NaN,NaN,NaN
1499994000,2.99,2.99,2.93,2.99,156800,NaN,NaN,NaN,NaN,NaN,NaN,NaN
1500253200,2.97,3,2.91,2.91,522000,NaN,NaN,NaN,NaN,NaN,NaN,NaN
1500339600,2.92,3,2.91,2.93,685500,NaN,NaN,NaN,NaN,NaN,NaN,NaN
1500426000,2.92,2.99,2.92,2.99,212900,NaN,NaN,NaN,NaN,NaN,NaN,NaN
1500512400,2.98,2.99,2.94,2.98,860100,NaN,NaN,NaN,NaN,NaN,NaN,NaN
1500598800,2.94,2.94,2.92,2.93,199800,NaN,NaN,NaN,NaN,NaN,NaN,NaN
1500858000,2.94,2.94,2.9,2.9,352400,NaN,NaN,NaN,NaN,NaN,NaN,NaN
1500944400,2.9,2.93,2.9,2.9,555100,NaN,NaN,NaN,NaN,NaN,NaN,NaN
1501030800,2.9,2.9,2.88,2.9,604400,NaN,NaN,NaN,NaN,NaN,NaN,NaN
1501117200,2.9,2.9,2.89,2.89,349100,NaN,NaN,NaN,NaN,NaN,NaN,NaN
1501203600,2.9,2.9,2.88,2.89,1550400,NaN,NaN,NaN,NaN,NaN,NaN,NaN
1501462800,2.89,2.92,2.89,2.91,300600,NaN,NaN,NaN,NaN,NaN,NaN,NaN
1501549200,2.89,2.89,2.89,2.89,4000,NaN,NaN,NaN,NaN,NaN,NaN,NaN
1501635600,2.9,2.98,2.9,2.97,1438300,NaN,NaN,NaN,NaN,NaN,NaN,NaN
1501722000,2.94,2.98,2.94,2.97,273800,NaN,NaN,NaN,NaN,NaN,NaN,NaN
1501808400,2.96,2.99,2.96,2.98,695900,NaN,NaN,NaN,NaN,NaN,NaN,NaN
1502067600,2.99,2.99,2.97,2.98,767200,NaN,NaN,NaN,NaN,NaN,NaN,NaN
1502154000,2.95,2.97,2.93,2.96,3192100,NaN,NaN,NaN,NaN,NaN,NaN,NaN
1502240400,2.92,2.97,2.92,2.96,593300,NaN,NaN,NaN,NaN,NaN,NaN,NaN
1502326800,2.98,3,2.97,2.99,266400,NaN,NaN,NaN,NaN,NaN,NaN,NaN
1502413200,3,3,2.93,2.96,527700,NaN,NaN,NaN,NaN,NaN,NaN,NaN
1502672400,2.96,3.02,2.96,3.02,2048800,NaN,NaN,NaN,NaN,NaN,NaN,NaN
1502758800,3.02,3.02,2.95,3,1397200,NaN,NaN,NaN,NaN,NaN,NaN,NaN
1502845200,2.91,3.01,2.91,2.97,1188200,NaN,NaN,NaN,NaN,NaN,NaN,NaN
1502931600,2.95,3.02,2.95,3.02,747300,NaN,NaN,NaN,NaN,NaN,NaN,NaN
1503018000,3.02,3.02,2.96,3.02,1300,NaN,NaN,NaN,NaN,NaN,NaN,NaN
1503277200,3.02,3.02,3.02,3.02,0,NaN,NaN,NaN,NaN,NaN,NaN,NaN
1503363600,2.95,2.99,2.92,2.93,1049000,NaN,NaN,NaN,NaN,NaN,NaN,NaN
1503450000,2.95,2.96,2.94,2.95,851800,NaN,NaN,NaN,NaN,NaN,NaN,NaN
1503536400,2.94,2.97,2.93,2.95,944000,NaN,NaN,NaN,NaN,NaN,NaN,NaN
1503622800,2.95,3,2.94,2.95,1419800,NaN,NaN,NaN,NaN,NaN,NaN,NaN
1503882000,2.95,2.95,2.95,2.95,0,NaN,NaN,NaN,NaN,NaN,NaN,NaN
1503968400,2.95,2.99,2.86,2.87,1260500,NaN,NaN,NaN,NaN,NaN,NaN,NaN
1504054800,2.9,2.9,2.82,2.86,309500,NaN,NaN,NaN,NaN,NaN,NaN,NaN
1504573200,2.86,2.9,2.84,2.9,489800,NaN,NaN,NaN,NaN,NaN,NaN,NaN
1504659600,2.9,2.92,2.88,2.92,211500,NaN,NaN,NaN,NaN,NaN,NaN,NaN
1504746000,2.86,2.9,2.86,2.9,266700,NaN,NaN,NaN,NaN,NaN,NaN,NaN
1504832400,2.87,2.93,2.86,2.87,43500,NaN,NaN,NaN,NaN,NaN,NaN,NaN
1505091600,2.87,2.87,2.85,2.86,48300,NaN,NaN,NaN,NaN,NaN,NaN,NaN
1505178000,2.87,2.94,2.85,2.9,311200,NaN,NaN,NaN,NaN,NaN,NaN,NaN
1505264400,2.9,2.96,2.87,2.9,2159800,NaN,NaN,NaN,NaN,NaN,NaN,NaN
1505350800,2.87,2.96,2.85,2.95,433000,NaN,NaN,NaN,NaN,NaN,NaN,NaN
1505437200,2.95,2.97,2.95,2.97,616500,NaN,NaN,NaN,NaN,NaN,NaN,NaN
1505696400,2.95,2.96,2.94,2.95,930400,NaN,NaN,NaN,NaN,NaN,NaN,NaN
1505782800,2.97,2.99,2.97,2.98,510800,NaN,NaN,NaN,NaN,NaN,NaN,NaN
1505869200,2.98,2.98,2.9,2.98,965100,NaN,NaN,NaN,NaN,NaN,NaN,NaN
1505955600,2.91,2.93,2.86,2.86,341000,NaN,NaN,NaN,NaN,NaN,NaN,NaN
1506301200,2.87,2.87,2.81,2.82,308500,NaN,NaN,NaN,NaN,NaN,NaN,NaN
1506387600,2.84,2.87,2.83,2.84,3900,NaN,NaN,NaN,NaN,NaN,NaN,NaN
1506474000,2.85,2.86,2.83,2.85,785000,NaN,NaN,NaN,NaN,NaN,NaN,NaN
1506560400,2.85,2.86,2.84,2.85,455300,NaN,NaN,NaN,NaN,NaN,NaN,NaN
1506646800,2.84,2.87,2.84,2.86,263600,1284000000,2191867000,1219372000,43852000,1392528000,972466000,4.4965034965035
1506906000,2.88,2.88,2.83,2.85,316800,NaN,NaN,NaN,NaN,NaN,NaN,NaN
1506992400,2.89,2.89,2.85,2.89,292900,NaN,NaN,NaN,NaN,NaN,NaN,NaN
1507078800,2.91,2.91,2.84,2.88,41700,NaN,NaN,NaN,NaN,NaN,NaN,NaN
1507165200,2.9,2.92,2.85,2.92,96100,NaN,NaN,NaN,NaN,NaN,NaN,NaN
1507251600,2.91,2.91,2.86,2.89,352300,NaN,NaN,NaN,NaN,NaN,NaN,NaN
1507510800,2.88,2.9,2.87,2.89,246800,NaN,NaN,NaN,NaN,NaN,NaN,NaN
1507597200,2.86,2.88,2.86,2.87,99100,NaN,NaN,NaN,NaN,NaN,NaN,NaN
1507683600,2.87,2.92,2.87,2.9,112000,NaN,NaN,NaN,NaN,NaN,NaN,NaN
1507770000,2.9,2.9,2.87,2.89,30500,NaN,NaN,NaN,NaN,NaN,NaN,NaN
1507856400,2.87,2.92,2.87,2.92,37600,NaN,NaN,NaN,NaN,NaN,NaN,NaN
1508115600,2.92,2.97,2.91,2.96,137200,NaN,NaN,NaN,NaN,NaN,NaN,NaN
1508202000,2.95,2.97,2.94,2.96,154600,NaN,NaN,NaN,NaN,NaN,NaN,NaN
1508374800,2.96,2.96,2.88,2.92,680000,NaN,NaN,NaN,NaN,NaN,NaN,NaN
1508461200,2.9,2.9,2.81,2.81,1635800,NaN,NaN,NaN,NaN,NaN,NaN,NaN
1508720400,2.82,2.83,2.8,2.81,645400,NaN,NaN,NaN,NaN,NaN,NaN,NaN
1508806800,2.8,2.81,2.75,2.77,360600,NaN,NaN,NaN,NaN,NaN,NaN,NaN
1508893200,2.77,2.8,2.75,2.77,357500,NaN,NaN,NaN,NaN,NaN,NaN,NaN
1508979600,2.76,2.79,2.76,2.78,136700,NaN,NaN,NaN,NaN,NaN,NaN,NaN
1509066000,2.77,2.8,2.77,2.78,171900,NaN,NaN,NaN,NaN,NaN,NaN,NaN
1509325200,2.78,2.8,2.77,2.8,403300,NaN,NaN,NaN,NaN,NaN,NaN,NaN
1509411600,2.8,2.8,2.77,2.77,28700,NaN,NaN,NaN,NaN,NaN,NaN,NaN
1509498000,2.77,2.78,2.76,2.78,126200,NaN,NaN,NaN,NaN,NaN,NaN,NaN
1509584400,2.79,2.79,2.76,2.76,149300,NaN,NaN,NaN,NaN,NaN,NaN,NaN
1509670800,2.79,2.79,2.75,2.76,66200,NaN,NaN,NaN,NaN,NaN,NaN,NaN
1509930000,2.79,2.79,2.76,2.77,8300,NaN,NaN,NaN,NaN,NaN,NaN,NaN
1510016400,2.77,2.77,2.75,2.76,198600,NaN,NaN,NaN,NaN,NaN,NaN,NaN
1510102800,2.76,2.77,2.75,2.75,719700,NaN,NaN,NaN,NaN,NaN,NaN,NaN
1510189200,2.76,2.76,2.74,2.76,1161000,NaN,NaN,NaN,NaN,NaN,NaN,NaN
1510275600,2.76,2.81,2.75,2.79,1481800,NaN,NaN,NaN,NaN,NaN,NaN,NaN
1510534800,2.8,2.83,2.8,2.81,1168100,NaN,NaN,NaN,NaN,NaN,NaN,NaN
1510621200,2.82,2.82,2.77,2.78,646000,NaN,NaN,NaN,NaN,NaN,NaN,NaN
1510707600,2.78,2.78,2.77,2.77,222800,NaN,NaN,NaN,NaN,NaN,NaN,NaN
1510794000,2.77,2.77,2.7,2.7,705800,NaN,NaN,NaN,NaN,NaN,NaN,NaN
1510880400,2.73,2.73,2.69,2.69,623000,NaN,NaN,NaN,NaN,NaN,NaN,NaN
1511139600,2.69,2.69,2.68,2.69,551000,NaN,NaN,NaN,NaN,NaN,NaN,NaN
1511226000,2.7,2.7,2.7,2.7,3600,NaN,NaN,NaN,NaN,NaN,NaN,NaN
1511312400,2.7,2.7,2.66,2.69,110200,NaN,NaN,NaN,NaN,NaN,NaN,NaN
1511398800,2.68,2.69,2.67,2.68,24600,NaN,NaN,NaN,NaN,NaN,NaN,NaN
1511485200,2.67,2.68,2.66,2.67,523800,NaN,NaN,NaN,NaN,NaN,NaN,NaN
1511744400,2.68,2.7,2.67,2.7,206500,NaN,NaN,NaN,NaN,NaN,NaN,NaN
1511830800,2.67,2.71,2.67,2.7,29900,NaN,NaN,NaN,NaN,NaN,NaN,NaN
1511917200,2.66,2.7,2.66,2.69,186300,NaN,NaN,NaN,NaN,NaN,NaN,NaN
1512003600,2.7,2.72,2.67,2.69,1402800,NaN,NaN,NaN,NaN,NaN,NaN,NaN
1512349200,2.7,2.71,2.7,2.71,19600,NaN,NaN,NaN,NaN,NaN,NaN,NaN
1512435600,2.73,2.81,2.73,2.78,520400,NaN,NaN,NaN,NaN,NaN,NaN,NaN
1512522000,2.78,2.78,2.75,2.75,63900,NaN,NaN,NaN,NaN,NaN,NaN,NaN
1512608400,2.75,2.76,2.75,2.76,344900,NaN,NaN,NaN,NaN,NaN,NaN,NaN
1512694800,2.76,2.76,2.74,2.75,273600,NaN,NaN,NaN,NaN,NaN,NaN,NaN
1512954000,2.73,2.75,2.72,2.75,12800,NaN,NaN,NaN,NaN,NaN,NaN,NaN
1513040400,2.73,2.75,2.73,2.75,86300,NaN,NaN,NaN,NaN,NaN,NaN,NaN
1513126800,2.72,2.74,2.71,2.71,728000,NaN,NaN,NaN,NaN,NaN,NaN,NaN
1513213200,2.72,2.73,2.69,2.72,441400,NaN,NaN,NaN,NaN,NaN,NaN,NaN
1513299600,2.72,2.73,2.7,2.7,729500,NaN,NaN,NaN,NaN,NaN,NaN,NaN
1513558800,2.71,2.74,2.71,2.73,163800,NaN,NaN,NaN,NaN,NaN,NaN,NaN
1513645200,2.75,2.76,2.73,2.75,935100,NaN,NaN,NaN,NaN,NaN,NaN,NaN
1513731600,2.75,2.78,2.75,2.78,595400,NaN,NaN,NaN,NaN,NaN,NaN,NaN
1513818000,2.8,2.85,2.73,2.83,1354200,NaN,NaN,NaN,NaN,NaN,NaN,NaN
1513904400,2.84,2.85,2.84,2.84,36700,NaN,NaN,NaN,NaN,NaN,NaN,NaN
1514250000,2.81,2.82,2.81,2.81,27800,NaN,NaN,NaN,NaN,NaN,NaN,NaN
1514336400,2.81,2.84,2.81,2.83,81600,NaN,NaN,NaN,NaN,NaN,NaN,NaN
1514422800,2.83,2.86,2.83,2.86,136000,NaN,NaN,NaN,NaN,NaN,NaN,NaN
1514509200,2.85,2.89,2.85,2.89,168400,1284000000,2293905000,1277059000,77528000,1455455000,1016846000,4.49826989619377
1514854800,2.85,2.86,2.85,2.86,27100,NaN,NaN,NaN,NaN,NaN,NaN,NaN
1514941200,2.84,2.9,2.84,2.9,318700,NaN,NaN,NaN,NaN,NaN,NaN,NaN
1515027600,2.9,2.9,2.85,2.89,74400,NaN,NaN,NaN,NaN,NaN,NaN,NaN
1515114000,2.91,2.99,2.88,2.96,552300,NaN,NaN,NaN,NaN,NaN,NaN,NaN
1515373200,2.95,2.98,2.9,2.96,730700,NaN,NaN,NaN,NaN,NaN,NaN,NaN
1515459600,2.96,2.98,2.91,2.98,530100,NaN,NaN,NaN,NaN,NaN,NaN,NaN
1515546000,2.95,2.98,2.93,2.93,372500,NaN,NaN,NaN,NaN,NaN,NaN,NaN
1515632400,2.93,2.93,2.88,2.88,58900,NaN,NaN,NaN,NaN,NaN,NaN,NaN
1515718800,2.9,2.9,2.85,2.87,100300,NaN,NaN,NaN,NaN,NaN,NaN,NaN
1515978000,2.87,2.9,2.86,2.88,220100,NaN,NaN,NaN,NaN,NaN,NaN,NaN
1516064400,2.88,2.91,2.87,2.87,636100,NaN,NaN,NaN,NaN,NaN,NaN,NaN
1516150800,2.87,2.87,2.85,2.85,695200,NaN,NaN,NaN,NaN,NaN,NaN,NaN
1516237200,2.83,2.84,2.82,2.83,555200,NaN,NaN,NaN,NaN,NaN,NaN,NaN
1516323600,2.81,2.83,2.81,2.82,91700,NaN,NaN,NaN,NaN,NaN,NaN,NaN
1516582800,2.83,2.83,2.82,2.83,531500,NaN,NaN,NaN,NaN,NaN,NaN,NaN
1516669200,2.83,2.83,2.81,2.82,284000,NaN,NaN,NaN,NaN,NaN,NaN,NaN
1516755600,2.82,2.82,2.82,2.82,14000,NaN,NaN,NaN,NaN,NaN,NaN,NaN
1516842000,2.82,2.82,2.8,2.82,44000,NaN,NaN,NaN,NaN,NaN,NaN,NaN
1516928400,2.81,2.81,2.79,2.8,68000,NaN,NaN,NaN,NaN,NaN,NaN,NaN
1517187600,2.83,2.83,2.8,2.8,30100,NaN,NaN,NaN,NaN,NaN,NaN,NaN
1517274000,2.79,2.79,2.75,2.76,102100,NaN,NaN,NaN,NaN,NaN,NaN,NaN
1517533200,2.77,2.8,2.76,2.78,50200,NaN,NaN,NaN,NaN,NaN,NaN,NaN
1517792400,2.78,2.81,2.76,2.81,57900,NaN,NaN,NaN,NaN,NaN,NaN,NaN
1517878800,2.73,2.75,2.72,2.73,548800,NaN,NaN,NaN,NaN,NaN,NaN,NaN
1517965200,2.9,2.9,2.75,2.76,108300,NaN,NaN,NaN,NaN,NaN,NaN,NaN
1518051600,2.76,2.82,2.76,2.8,229800,NaN,NaN,NaN,NaN,NaN,NaN,NaN
1518138000,2.75,2.76,2.7,2.7,789000,NaN,NaN,NaN,NaN,NaN,NaN,NaN
1518397200,2.75,2.75,2.69,2.7,602700,NaN,NaN,NaN,NaN,NaN,NaN,NaN
1518483600,2.7,2.7,2.67,2.68,401700,NaN,NaN,NaN,NaN,NaN,NaN,NaN
1518570000,2.68,2.69,2.68,2.68,90200,NaN,NaN,NaN,NaN,NaN,NaN,NaN
1518656400,2.69,2.7,2.69,2.7,9600,NaN,NaN,NaN,NaN,NaN,NaN,NaN
1519002000,2.82,2.9,2.76,2.84,2044100,NaN,NaN,NaN,NaN,NaN,NaN,NaN
1519088400,2.88,2.92,2.88,2.9,950000,NaN,NaN,NaN,NaN,NaN,NaN,NaN
1519174800,2.91,2.99,2.9,2.99,319200,NaN,NaN,NaN,NaN,NaN,NaN,NaN
1519261200,2.98,2.98,2.93,2.93,102800,NaN,NaN,NaN,NaN,NaN,NaN,NaN
1519347600,2.98,2.99,2.95,2.97,1030500,NaN,NaN,NaN,NaN,NaN,NaN,NaN
1519606800,2.96,2.99,2.96,2.99,2530900,NaN,NaN,NaN,NaN,NaN,NaN,NaN
1519693200,2.98,3,2.98,2.99,762300,NaN,NaN,NaN,NaN,NaN,NaN,NaN
1519779600,2.98,3,2.98,2.98,753000,NaN,NaN,NaN,NaN,NaN,NaN,NaN
1519866000,2.98,3,2.98,2.99,461100,NaN,NaN,NaN,NaN,NaN,NaN,NaN
1519952400,2.94,2.94,2.9,2.91,123700,NaN,NaN,NaN,NaN,NaN,NaN,NaN
1520211600,2.95,2.98,2.88,2.91,557900,NaN,NaN,NaN,NaN,NaN,NaN,NaN
1520298000,2.93,2.98,2.93,2.96,279200,NaN,NaN,NaN,NaN,NaN,NaN,NaN
1520384400,2.9,2.94,2.9,2.94,146000,NaN,NaN,NaN,NaN,NaN,NaN,NaN
1520470800,2.94,3,2.94,3,219700,NaN,NaN,NaN,NaN,NaN,NaN,NaN
1520557200,3,3,2.95,2.98,169600,NaN,NaN,NaN,NaN,NaN,NaN,NaN
1520816400,2.97,2.97,2.9,2.96,20000,NaN,NaN,NaN,NaN,NaN,NaN,NaN
1520902800,2.96,2.98,2.96,2.97,45500,NaN,NaN,NaN,NaN,NaN,NaN,NaN
1520989200,2.91,2.91,2.91,2.91,1000,NaN,NaN,NaN,NaN,NaN,NaN,NaN
1521075600,2.9,2.94,2.9,2.91,65900,NaN,NaN,NaN,NaN,NaN,NaN,NaN
1521162000,2.92,2.92,2.89,2.9,94000,NaN,NaN,NaN,NaN,NaN,NaN,NaN
1521421200,2.9,2.92,2.89,2.9,1175900,NaN,NaN,NaN,NaN,NaN,NaN,NaN
1521507600,2.9,2.9,2.89,2.9,218700,NaN,NaN,NaN,NaN,NaN,NaN,NaN
1521594000,2.89,2.9,2.86,2.87,130500,NaN,NaN,NaN,NaN,NaN,NaN,NaN
1521680400,2.87,2.9,2.87,2.9,508500,NaN,NaN,NaN,NaN,NaN,NaN,NaN
1521766800,2.87,2.93,2.87,2.93,187300,NaN,NaN,NaN,NaN,NaN,NaN,NaN
1522026000,2.87,2.9,2.87,2.9,538000,NaN,NaN,NaN,NaN,NaN,NaN,NaN
1522112400,2.9,2.9,2.88,2.88,16100,NaN,NaN,NaN,NaN,NaN,NaN,NaN
1522198800,2.87,2.89,2.87,2.87,177000,NaN,NaN,NaN,NaN,NaN,NaN,NaN
1522285200,2.86,2.87,2.8,2.83,273200,NaN,NaN,NaN,NaN,NaN,NaN,NaN
1522371600,2.82,2.82,2.82,2.82,10000,1284000000,2326582000,1320398000,53613000,1435249000,1006184000,4.60992907801418
1522630800,2.82,2.82,2.8,2.8,154000,NaN,NaN,NaN,NaN,NaN,NaN,NaN
1522717200,2.78,2.8,2.75,2.75,451600,NaN,NaN,NaN,NaN,NaN,NaN,NaN
1522803600,2.8,2.8,2.76,2.76,114000,NaN,NaN,NaN,NaN,NaN,NaN,NaN
1522890000,2.76,2.8,2.75,2.79,384400,NaN,NaN,NaN,NaN,NaN,NaN,NaN
1522976400,2.82,2.82,2.79,2.8,280000,NaN,NaN,NaN,NaN,NaN,NaN,NaN
1523235600,2.76,2.77,2.75,2.76,39200,NaN,NaN,NaN,NaN,NaN,NaN,NaN
1523322000,2.76,2.81,2.76,2.8,1067400,NaN,NaN,NaN,NaN,NaN,NaN,NaN
1523408400,2.78,2.85,2.78,2.82,260700,NaN,NaN,NaN,NaN,NaN,NaN,NaN
1523494800,2.81,2.83,2.8,2.8,462000,NaN,NaN,NaN,NaN,NaN,NaN,NaN
1523581200,2.81,2.83,2.8,2.81,28600,NaN,NaN,NaN,NaN,NaN,NaN,NaN
1523840400,2.81,2.81,2.8,2.8,28400,NaN,NaN,NaN,NaN,NaN,NaN,NaN
1523926800,2.8,2.83,2.78,2.82,1052600,NaN,NaN,NaN,NaN,NaN,NaN,NaN
1524013200,2.82,2.86,2.82,2.82,861300,NaN,NaN,NaN,NaN,NaN,NaN,NaN
1524099600,2.86,2.86,2.82,2.85,616800,NaN,NaN,NaN,NaN,NaN,NaN,NaN
1524186000,2.84,2.84,2.79,2.79,223000,NaN,NaN,NaN,NaN,NaN,NaN,NaN
1524445200,2.86,2.86,2.79,2.8,400200,NaN,NaN,NaN,NaN,NaN,NaN,NaN
1524531600,2.78,2.89,2.76,2.89,212600,NaN,NaN,NaN,NaN,NaN,NaN,NaN
1524618000,2.89,2.89,2.86,2.86,3300,NaN,NaN,NaN,NaN,NaN,NaN,NaN
1524704400,2.89,2.89,2.8,2.87,801200,NaN,NaN,NaN,NaN,NaN,NaN,NaN
1524790800,2.88,2.89,2.88,2.88,512800,NaN,NaN,NaN,NaN,NaN,NaN,NaN
1525050000,2.83,2.9,2.83,2.88,72300,NaN,NaN,NaN,NaN,NaN,NaN,NaN
1525222800,2.9,2.9,2.84,2.89,38800,NaN,NaN,NaN,NaN,NaN,NaN,NaN
1525309200,2.82,2.9,2.82,2.85,29200,NaN,NaN,NaN,NaN,NaN,NaN,NaN
1525395600,2.86,2.92,2.83,2.91,436800,NaN,NaN,NaN,NaN,NaN,NaN,NaN
1525654800,2.93,2.93,2.85,2.85,11200,NaN,NaN,NaN,NaN,NaN,NaN,NaN
1525741200,2.85,2.94,2.84,2.94,88700,NaN,NaN,NaN,NaN,NaN,NaN,NaN
1526259600,2.95,2.96,2.88,2.94,762000,NaN,NaN,NaN,NaN,NaN,NaN,NaN
1526346000,2.93,2.94,2.9,2.92,447200,NaN,NaN,NaN,NaN,NaN,NaN,NaN
1526432400,2.9,2.93,2.84,2.84,600300,NaN,NaN,NaN,NaN,NaN,NaN,NaN
1526518800,2.92,2.97,2.91,2.92,1297400,NaN,NaN,NaN,NaN,NaN,NaN,NaN
1526605200,2.94,2.94,2.86,2.86,460900,NaN,NaN,NaN,NaN,NaN,NaN,NaN
1526864400,2.92,2.95,2.9,2.9,110100,NaN,NaN,NaN,NaN,NaN,NaN,NaN
1526950800,2.9,2.9,2.79,2.8,1222100,NaN,NaN,NaN,NaN,NaN,NaN,NaN
1527037200,2.79,2.81,2.78,2.8,764300,NaN,NaN,NaN,NaN,NaN,NaN,NaN
1527123600,2.8,2.8,2.74,2.77,744800,NaN,NaN,NaN,NaN,NaN,NaN,NaN
1527210000,2.8,2.81,2.78,2.8,1697600,NaN,NaN,NaN,NaN,NaN,NaN,NaN
1527469200,2.75,2.77,2.75,2.76,55500,NaN,NaN,NaN,NaN,NaN,NaN,NaN
1527642000,2.77,2.98,2.68,2.98,760100,NaN,NaN,NaN,NaN,NaN,NaN,NaN
1527728400,2.8,2.88,2.8,2.84,325200,NaN,NaN,NaN,NaN,NaN,NaN,NaN
1527814800,2.85,2.86,2.83,2.83,216100,NaN,NaN,NaN,NaN,NaN,NaN,NaN
1528074000,2.83,2.9,2.81,2.9,273700,NaN,NaN,NaN,NaN,NaN,NaN,NaN
1528160400,2.81,2.9,2.81,2.83,87100,NaN,NaN,NaN,NaN,NaN,NaN,NaN
1528246800,2.83,2.88,2.83,2.83,60400,NaN,NaN,NaN,NaN,NaN,NaN,NaN
1528333200,2.83,2.86,2.83,2.83,37900,NaN,NaN,NaN,NaN,NaN,NaN,NaN
1528419600,2.84,2.91,2.84,2.87,69400,NaN,NaN,NaN,NaN,NaN,NaN,NaN
1528678800,2.9,2.9,2.87,2.9,71200,NaN,NaN,NaN,NaN,NaN,NaN,NaN
1528765200,2.85,2.9,2.84,2.9,101700,NaN,NaN,NaN,NaN,NaN,NaN,NaN
1528851600,2.83,2.94,2.83,2.94,107000,NaN,NaN,NaN,NaN,NaN,NaN,NaN
1528938000,2.95,2.95,2.93,2.94,238300,NaN,NaN,NaN,NaN,NaN,NaN,NaN
1529283600,2.92,2.92,2.91,2.91,516500,NaN,NaN,NaN,NaN,NaN,NaN,NaN
1529370000,2.89,2.92,2.89,2.92,56100,NaN,NaN,NaN,NaN,NaN,NaN,NaN
1529456400,2.89,2.92,2.86,2.92,218700,NaN,NaN,NaN,NaN,NaN,NaN,NaN
1529542800,2.86,2.93,2.84,2.84,326900,NaN,NaN,NaN,NaN,NaN,NaN,NaN
1529629200,2.85,2.85,2.77,2.84,135400,NaN,NaN,NaN,NaN,NaN,NaN,NaN
1529888400,2.83,2.9,2.82,2.9,265500,NaN,NaN,NaN,NaN,NaN,NaN,NaN
1529974800,2.9,2.9,2.87,2.88,268800,NaN,NaN,NaN,NaN,NaN,NaN,NaN
1530061200,2.88,2.89,2.81,2.88,261100,NaN,NaN,NaN,NaN,NaN,NaN,NaN
1530147600,2.82,2.89,2.81,2.85,226600,NaN,NaN,NaN,NaN,NaN,NaN,NaN
1530234000,2.9,2.9,2.87,2.87,19400,1284000000,2351102000,1361771000,64518000,1503186000,989331000,4.70383275261324
1530493200,2.9,2.9,2.83,2.83,1300,NaN,NaN,NaN,NaN,NaN,NaN,NaN
1530579600,2.83,2.85,2.83,2.84,4900,NaN,NaN,NaN,NaN,NaN,NaN,NaN
1530666000,2.83,2.84,2.83,2.84,10000,NaN,NaN,NaN,NaN,NaN,NaN,NaN
1530752400,2.83,2.83,2.83,2.83,9400,NaN,NaN,NaN,NaN,NaN,NaN,NaN
1530838800,2.84,2.84,2.83,2.83,9000,NaN,NaN,NaN,NaN,NaN,NaN,NaN
1531098000,2.83,2.94,2.82,2.94,504000,NaN,NaN,NaN,NaN,NaN,NaN,NaN
1531184400,2.9,2.9,2.81,2.81,66900,NaN,NaN,NaN,NaN,NaN,NaN,NaN
1531270800,2.82,2.83,2.8,2.8,123800,NaN,NaN,NaN,NaN,NaN,NaN,NaN
1531357200,2.82,2.86,2.82,2.85,90200,NaN,NaN,NaN,NaN,NaN,NaN,NaN
1531443600,2.82,2.83,2.82,2.83,4100,NaN,NaN,NaN,NaN,NaN,NaN,NaN
1531702800,2.83,2.83,2.83,2.83,0,NaN,NaN,NaN,NaN,NaN,NaN,NaN
1531789200,2.83,2.86,2.83,2.86,56300,NaN,NaN,NaN,NaN,NaN,NaN,NaN
1531875600,2.83,2.86,2.82,2.86,49500,NaN,NaN,NaN,NaN,NaN,NaN,NaN
1531962000,2.85,2.87,2.85,2.86,372400,NaN,NaN,NaN,NaN,NaN,NaN,NaN
1532048400,2.86,2.88,2.85,2.87,30800,NaN,NaN,NaN,NaN,NaN,NaN,NaN
1532307600,2.9,2.96,2.85,2.95,112000,NaN,NaN,NaN,NaN,NaN,NaN,NaN
1532394000,2.93,2.96,2.93,2.95,1212600,NaN,NaN,NaN,NaN,NaN,NaN,NaN
1532480400,2.93,2.94,2.93,2.94,13500,NaN,NaN,NaN,NaN,NaN,NaN,NaN
1532566800,2.94,2.94,2.9,2.9,16700,NaN,NaN,NaN,NaN,NaN,NaN,NaN
1532653200,2.9,2.92,2.9,2.92,134500,NaN,NaN,NaN,NaN,NaN,NaN,NaN
1532912400,2.92,2.93,2.92,2.93,17800,NaN,NaN,NaN,NaN,NaN,NaN,NaN
1532998800,2.95,2.95,2.94,2.95,1002700,NaN,NaN,NaN,NaN,NaN,NaN,NaN
1533085200,2.95,2.96,2.95,2.95,56200,NaN,NaN,NaN,NaN,NaN,NaN,NaN
1533171600,2.95,2.96,2.94,2.95,404300,NaN,NaN,NaN,NaN,NaN,NaN,NaN
1533258000,2.95,2.95,2.95,2.95,10000,NaN,NaN,NaN,NaN,NaN,NaN,NaN
1533517200,2.96,2.97,2.96,2.96,232800,NaN,NaN,NaN,NaN,NaN,NaN,NaN
1533603600,2.96,2.97,2.85,2.96,3181700,NaN,NaN,NaN,NaN,NaN,NaN,NaN
1533690000,2.91,2.95,2.91,2.93,1167500,NaN,NaN,NaN,NaN,NaN,NaN,NaN
1533776400,3,3.01,2.9,2.9,468100,NaN,NaN,NaN,NaN,NaN,NaN,NaN
1533862800,2.92,2.92,2.89,2.9,713800,NaN,NaN,NaN,NaN,NaN,NaN,NaN
1534122000,2.88,2.9,2.86,2.9,1575100,NaN,NaN,NaN,NaN,NaN,NaN,NaN
1534208400,2.9,2.95,2.9,2.94,692500,NaN,NaN,NaN,NaN,NaN,NaN,NaN
1534294800,2.93,2.95,2.92,2.95,421000,NaN,NaN,NaN,NaN,NaN,NaN,NaN
1534381200,2.95,2.95,2.93,2.93,13400,NaN,NaN,NaN,NaN,NaN,NaN,NaN
1534467600,2.93,2.93,2.9,2.9,24200,NaN,NaN,NaN,NaN,NaN,NaN,NaN
1534726800,2.92,2.94,2.92,2.94,22000,NaN,NaN,NaN,NaN,NaN,NaN,NaN
1534813200,2.94,2.94,2.93,2.93,8500,NaN,NaN,NaN,NaN,NaN,NaN,NaN
1534986000,2.95,2.95,2.94,2.95,569200,NaN,NaN,NaN,NaN,NaN,NaN,NaN
1535072400,2.93,2.95,2.93,2.95,13500,NaN,NaN,NaN,NaN,NaN,NaN,NaN
1535331600,2.95,2.95,2.92,2.93,21300,NaN,NaN,NaN,NaN,NaN,NaN,NaN
1535418000,2.89,2.92,2.89,2.9,217000,NaN,NaN,NaN,NaN,NaN,NaN,NaN
1535504400,2.9,2.9,2.9,2.9,531100,NaN,NaN,NaN,NaN,NaN,NaN,NaN
1535590800,2.9,2.95,2.89,2.95,425200,NaN,NaN,NaN,NaN,NaN,NaN,NaN
1535936400,2.94,2.95,2.93,2.93,534100,NaN,NaN,NaN,NaN,NaN,NaN,NaN
1536022800,2.91,2.91,2.9,2.91,1966700,NaN,NaN,NaN,NaN,NaN,NaN,NaN
1536109200,2.93,2.93,2.9,2.9,48000,NaN,NaN,NaN,NaN,NaN,NaN,NaN
1536195600,2.9,2.91,2.88,2.88,740500,NaN,NaN,NaN,NaN,NaN,NaN,NaN
1536282000,2.88,2.9,2.87,2.88,1132000,NaN,NaN,NaN,NaN,NaN,NaN,NaN
1536714000,2.88,2.9,2.88,2.89,571900,NaN,NaN,NaN,NaN,NaN,NaN,NaN
1536800400,2.89,2.89,2.89,2.89,571000,NaN,NaN,NaN,NaN,NaN,NaN,NaN
1536886800,2.9,2.9,2.89,2.9,1372800,NaN,NaN,NaN,NaN,NaN,NaN,NaN
1537232400,2.89,2.89,2.89,2.89,3500,NaN,NaN,NaN,NaN,NaN,NaN,NaN
1537318800,2.88,2.89,2.88,2.89,156500,NaN,NaN,NaN,NaN,NaN,NaN,NaN
1537405200,2.88,2.9,2.88,2.9,132500,NaN,NaN,NaN,NaN,NaN,NaN,NaN
1537491600,2.9,2.9,2.86,2.89,3900,NaN,NaN,NaN,NaN,NaN,NaN,NaN
1537750800,2.89,2.89,2.88,2.89,833800,NaN,NaN,NaN,NaN,NaN,NaN,NaN
1537837200,2.89,2.9,2.89,2.89,14500,NaN,NaN,NaN,NaN,NaN,NaN,NaN
1537923600,2.9,2.9,2.9,2.9,41600,NaN,NaN,NaN,NaN,NaN,NaN,NaN
1538010000,2.89,2.9,2.89,2.9,116400,NaN,NaN,NaN,NaN,NaN,NaN,NaN
1538096400,2.89,2.9,2.89,2.89,96100,1284000000,2310079000,1337113000,54377000,1556281000,972966000,4.84429065743945
1538355600,2.94,2.94,2.9,2.93,39100,NaN,NaN,NaN,NaN,NaN,NaN,NaN
1538442000,2.95,2.96,2.93,2.94,127600,NaN,NaN,NaN,NaN,NaN,NaN,NaN
1538528400,2.94,2.95,2.93,2.94,266300,NaN,NaN,NaN,NaN,NaN,NaN,NaN
1538614800,2.94,2.94,2.93,2.94,755600,NaN,NaN,NaN,NaN,NaN,NaN,NaN
1538701200,2.89,2.89,2.89,2.89,500,NaN,NaN,NaN,NaN,NaN,NaN,NaN
1538960400,2.89,2.89,2.89,2.89,1500,NaN,NaN,NaN,NaN,NaN,NaN,NaN
1539046800,2.87,2.88,2.87,2.88,39000,NaN,NaN,NaN,NaN,NaN,NaN,NaN
1539133200,2.88,2.88,2.85,2.87,657200,NaN,NaN,NaN,NaN,NaN,NaN,NaN
1539219600,2.85,2.85,2.8,2.83,340100,NaN,NaN,NaN,NaN,NaN,NaN,NaN
1539306000,2.81,2.83,2.81,2.83,48500,NaN,NaN,NaN,NaN,NaN,NaN,NaN
1539565200,2.83,2.84,2.83,2.83,44000,NaN,NaN,NaN,NaN,NaN,NaN,NaN
1539651600,2.83,2.84,2.83,2.83,213100,NaN,NaN,NaN,NaN,NaN,NaN,NaN
1539738000,2.82,2.84,2.82,2.83,153800,NaN,NaN,NaN,NaN,NaN,NaN,NaN
1539824400,2.84,2.89,2.83,2.89,29900,NaN,NaN,NaN,NaN,NaN,NaN,NaN
1539910800,2.89,2.89,2.8,2.82,129100,NaN,NaN,NaN,NaN,NaN,NaN,NaN
1540170000,2.82,2.84,2.81,2.81,45800,NaN,NaN,NaN,NaN,NaN,NaN,NaN
1540256400,2.81,2.81,2.79,2.8,578200,NaN,NaN,NaN,NaN,NaN,NaN,NaN
1540342800,2.8,2.82,2.8,2.81,155000,NaN,NaN,NaN,NaN,NaN,NaN,NaN
1540429200,2.82,2.82,2.76,2.8,829000,NaN,NaN,NaN,NaN,NaN,NaN,NaN
1540515600,2.8,2.81,2.79,2.81,507600,NaN,NaN,NaN,NaN,NaN,NaN,NaN
1540774800,2.8,2.82,2.8,2.8,600500,NaN,NaN,NaN,NaN,NaN,NaN,NaN
1540861200,2.8,2.82,2.79,2.8,668000,NaN,NaN,NaN,NaN,NaN,NaN,NaN
1540947600,2.85,2.89,2.75,2.85,244600,NaN,NaN,NaN,NaN,NaN,NaN,NaN
1541034000,2.85,2.95,2.85,2.91,325700,NaN,NaN,NaN,NaN,NaN,NaN,NaN
1541120400,2.91,2.92,2.9,2.92,53400,NaN,NaN,NaN,NaN,NaN,NaN,NaN
1541379600,2.85,2.9,2.85,2.9,10000,NaN,NaN,NaN,NaN,NaN,NaN,NaN
1541552400,2.9,2.9,2.9,2.9,21500,NaN,NaN,NaN,NaN,NaN,NaN,NaN
1541638800,2.89,2.9,2.88,2.89,337400,NaN,NaN,NaN,NaN,NaN,NaN,NaN
1541725200,2.9,2.9,2.84,2.84,120600,NaN,NaN,NaN,NaN,NaN,NaN,NaN
1541984400,2.84,2.86,2.7,2.7,565400,NaN,NaN,NaN,NaN,NaN,NaN,NaN
1542070800,2.73,2.81,2.73,2.79,35600,NaN,NaN,NaN,NaN,NaN,NaN,NaN
1542157200,2.8,2.83,2.79,2.83,163300,NaN,NaN,NaN,NaN,NaN,NaN,NaN
1542243600,2.83,2.84,2.83,2.84,31200,NaN,NaN,NaN,NaN,NaN,NaN,NaN
1542330000,2.84,2.85,2.83,2.85,22900,NaN,NaN,NaN,NaN,NaN,NaN,NaN
1542589200,2.85,2.85,2.85,2.85,12600,NaN,NaN,NaN,NaN,NaN,NaN,NaN
1542762000,2.82,2.88,2.82,2.88,81500,NaN,NaN,NaN,NaN,NaN,NaN,NaN
1542848400,2.88,2.88,2.82,2.82,1300,NaN,NaN,NaN,NaN,NaN,NaN,NaN
1542934800,2.82,2.82,2.76,2.76,77500,NaN,NaN,NaN,NaN,NaN,NaN,NaN
1543194000,2.8,2.8,2.8,2.8,18000,NaN,NaN,NaN,NaN,NaN,NaN,NaN
1543280400,2.78,2.82,2.78,2.81,48400,NaN,NaN,NaN,NaN,NaN,NaN,NaN
1543366800,2.81,2.82,2.81,2.81,387200,NaN,NaN,NaN,NaN,NaN,NaN,NaN
1543453200,2.84,2.86,2.84,2.85,459300,NaN,NaN,NaN,NaN,NaN,NaN,NaN
1543539600,2.78,2.86,2.78,2.81,271100,NaN,NaN,NaN,NaN,NaN,NaN,NaN
1543798800,2.81,2.82,2.79,2.82,170200,NaN,NaN,NaN,NaN,NaN,NaN,NaN
1543885200,2.85,2.88,2.85,2.86,74900,NaN,NaN,NaN,NaN,NaN,NaN,NaN
1543971600,2.8,2.86,2.8,2.81,31400,NaN,NaN,NaN,NaN,NaN,NaN,NaN
1544058000,2.81,2.87,2.8,2.87,59400,NaN,NaN,NaN,NaN,NaN,NaN,NaN
1544144400,2.8,2.87,2.8,2.85,67300,NaN,NaN,NaN,NaN,NaN,NaN,NaN
1544403600,2.85,2.85,2.85,2.85,0,NaN,NaN,NaN,NaN,NaN,NaN,NaN
1544490000,2.8,2.85,2.8,2.85,84500,NaN,NaN,NaN,NaN,NaN,NaN,NaN
1544576400,2.8,2.8,2.8,2.8,25000,NaN,NaN,NaN,NaN,NaN,NaN,NaN
1544662800,2.81,2.85,2.81,2.85,10800,NaN,NaN,NaN,NaN,NaN,NaN,NaN
1544749200,2.8,2.86,2.8,2.85,98900,NaN,NaN,NaN,NaN,NaN,NaN,NaN
1545008400,2.82,2.83,2.82,2.83,20900,NaN,NaN,NaN,NaN,NaN,NaN,NaN
1545094800,2.83,2.86,2.83,2.86,21200,NaN,NaN,NaN,NaN,NaN,NaN,NaN
1545181200,2.8,2.86,2.8,2.83,32600,NaN,NaN,NaN,NaN,NaN,NaN,NaN
1545267600,2.8,2.85,2.8,2.85,55600,NaN,NaN,NaN,NaN,NaN,NaN,NaN
1545354000,2.8,2.8,2.75,2.76,125000,NaN,NaN,NaN,NaN,NaN,NaN,NaN
1545613200,2.73,2.76,2.7,2.71,444300,NaN,NaN,NaN,NaN,NaN,NaN,NaN
1545786000,2.7,2.7,2.69,2.69,547300,NaN,NaN,NaN,NaN,NaN,NaN,NaN
1545872400,2.77,2.77,2.68,2.77,426500,NaN,NaN,NaN,NaN,NaN,NaN,NaN
1545958800,2.78,2.81,2.78,2.8,310300,NaN,NaN,NaN,NaN,NaN,NaN,NaN
1546218000,2.8,2.84,2.8,2.83,194700,1284000000,2528547000,1504415000,60704000,1738527000,1024132000.0000001,4.77031802120141
1546390800,2.8,2.83,2.8,2.83,5400,NaN,NaN,NaN,NaN,NaN,NaN,NaN
1546477200,2.78,2.92,2.78,2.89,131400,NaN,NaN,NaN,NaN,NaN,NaN,NaN
1546563600,2.89,2.89,2.89,2.89,0,NaN,NaN,NaN,NaN,NaN,NaN,NaN
1546822800,2.81,2.88,2.81,2.81,15200,NaN,NaN,NaN,NaN,NaN,NaN,NaN
1546909200,2.81,2.89,2.81,2.87,2800,NaN,NaN,NaN,NaN,NaN,NaN,NaN
1546995600,2.83,2.88,2.83,2.88,4700,NaN,NaN,NaN,NaN,NaN,NaN,NaN
1547082000,2.86,2.89,2.85,2.85,20000,NaN,NaN,NaN,NaN,NaN,NaN,NaN
1547168400,2.81,2.88,2.81,2.82,10500,NaN,NaN,NaN,NaN,NaN,NaN,NaN
1547427600,2.85,2.85,2.81,2.84,18800,NaN,NaN,NaN,NaN,NaN,NaN,NaN
1547514000,2.81,2.85,2.81,2.83,11500,NaN,NaN,NaN,NaN,NaN,NaN,NaN
1547600400,2.8,2.84,2.8,2.84,183600,NaN,NaN,NaN,NaN,NaN,NaN,NaN
1547686800,2.84,2.84,2.8,2.8,40500,NaN,NaN,NaN,NaN,NaN,NaN,NaN
1547773200,2.81,2.81,2.8,2.8,40000,NaN,NaN,NaN,NaN,NaN,NaN,NaN
1548118800,2.8,2.8,2.8,2.8,11000,NaN,NaN,NaN,NaN,NaN,NaN,NaN
1548205200,2.78,2.82,2.78,2.81,23700,NaN,NaN,NaN,NaN,NaN,NaN,NaN
1548291600,2.81,2.87,2.8,2.81,27100,NaN,NaN,NaN,NaN,NaN,NaN,NaN
1548378000,2.81,2.81,2.78,2.78,16500,NaN,NaN,NaN,NaN,NaN,NaN,NaN
1548637200,2.78,2.8,2.78,2.8,158300,NaN,NaN,NaN,NaN,NaN,NaN,NaN
1548723600,2.82,2.82,2.8,2.8,9100,NaN,NaN,NaN,NaN,NaN,NaN,NaN
1548810000,2.81,2.82,2.81,2.82,69600,NaN,NaN,NaN,NaN,NaN,NaN,NaN
1548896400,2.81,2.82,2.81,2.82,119100,NaN,NaN,NaN,NaN,NaN,NaN,NaN
1549242000,2.82,2.82,2.82,2.82,0,NaN,NaN,NaN,NaN,NaN,NaN,NaN
1549501200,2.83,2.83,2.82,2.82,173700,NaN,NaN,NaN,NaN,NaN,NaN,NaN
1549587600,2.87,2.87,2.77,2.77,330700,NaN,NaN,NaN,NaN,NaN,NaN,NaN
1549846800,2.83,2.83,2.8,2.82,73500,NaN,NaN,NaN,NaN,NaN,NaN,NaN
1549933200,2.82,2.82,2.76,2.76,31400,NaN,NaN,NaN,NaN,NaN,NaN,NaN
1550019600,2.84,2.84,2.82,2.83,192500,NaN,NaN,NaN,NaN,NaN,NaN,NaN
1550106000,2.82,2.84,2.78,2.82,24000,NaN,NaN,NaN,NaN,NaN,NaN,NaN
1550192400,2.88,2.88,2.8,2.8,1119900,NaN,NaN,NaN,NaN,NaN,NaN,NaN
1550451600,2.85,2.85,2.81,2.81,71200,NaN,NaN,NaN,NaN,NaN,NaN,NaN
1550538000,2.82,2.84,2.81,2.84,66400,NaN,NaN,NaN,NaN,NaN,NaN,NaN
1550624400,2.84,2.88,2.82,2.84,35700,NaN,NaN,NaN,NaN,NaN,NaN,NaN
1550710800,2.87,2.88,2.84,2.88,78800,NaN,NaN,NaN,NaN,NaN,NaN,NaN
1550797200,2.87,2.89,2.84,2.89,112000,NaN,NaN,NaN,NaN,NaN,NaN,NaN
1551056400,2.88,2.88,2.85,2.85,16400,NaN,NaN,NaN,NaN,NaN,NaN,NaN
1551142800,2.84,2.88,2.84,2.88,110300,NaN,NaN,NaN,NaN,NaN,NaN,NaN
1551229200,2.88,2.92,2.84,2.88,693900,NaN,NaN,NaN,NaN,NaN,NaN,NaN
1551315600,2.87,2.87,2.83,2.86,25100,NaN,NaN,NaN,NaN,NaN,NaN,NaN
1551402000,2.88,2.88,2.82,2.82,11300,NaN,NaN,NaN,NaN,NaN,NaN,NaN
1551661200,2.88,2.88,2.82,2.82,38000,NaN,NaN,NaN,NaN,NaN,NaN,NaN
1551747600,2.85,2.86,2.82,2.82,50400,NaN,NaN,NaN,NaN,NaN,NaN,NaN
1551834000,2.86,2.86,2.83,2.83,29200,NaN,NaN,NaN,NaN,NaN,NaN,NaN
1551920400,2.8,2.84,2.8,2.8,41300,NaN,NaN,NaN,NaN,NaN,NaN,NaN
1552006800,2.78,2.82,2.76,2.81,446900,NaN,NaN,NaN,NaN,NaN,NaN,NaN
1552266000,2.82,2.82,2.79,2.79,26300,NaN,NaN,NaN,NaN,NaN,NaN,NaN
1552352400,2.82,2.85,2.81,2.83,150600,NaN,NaN,NaN,NaN,NaN,NaN,NaN
1552438800,2.85,2.85,2.83,2.83,75400,NaN,NaN,NaN,NaN,NaN,NaN,NaN
1552525200,2.84,2.84,2.83,2.84,49600,NaN,NaN,NaN,NaN,NaN,NaN,NaN
1552611600,2.84,2.87,2.83,2.87,44000,NaN,NaN,NaN,NaN,NaN,NaN,NaN
1552870800,2.86,2.9,2.85,2.9,84400,NaN,NaN,NaN,NaN,NaN,NaN,NaN
1552957200,2.88,2.88,2.88,2.88,77800,NaN,NaN,NaN,NaN,NaN,NaN,NaN
1553043600,2.88,2.88,2.88,2.88,317000,NaN,NaN,NaN,NaN,NaN,NaN,NaN
1553130000,2.88,2.9,2.81,2.89,1570300,NaN,NaN,NaN,NaN,NaN,NaN,NaN
1553216400,2.85,2.88,2.85,2.88,51800,NaN,NaN,NaN,NaN,NaN,NaN,NaN
1553475600,2.84,2.88,2.84,2.88,38200,NaN,NaN,NaN,NaN,NaN,NaN,NaN
1553562000,2.88,2.88,2.85,2.86,35500,NaN,NaN,NaN,NaN,NaN,NaN,NaN
1553648400,2.86,2.86,2.86,2.86,0,NaN,NaN,NaN,NaN,NaN,NaN,NaN
1553734800,2.86,2.86,2.86,2.86,1000,NaN,NaN,NaN,NaN,NaN,NaN,NaN
1553821200,2.85,2.85,2.85,2.85,3000,1284000000,2450222000,1443246000,53600000,1715570000,1006976000,4.73684210526316
1554080400,2.85,2.85,2.85,2.85,3500,NaN,NaN,NaN,NaN,NaN,NaN,NaN
1554166800,2.85,2.89,2.85,2.88,108700,NaN,NaN,NaN,NaN,NaN,NaN,NaN
1554253200,2.84,2.85,2.82,2.82,63000,NaN,NaN,NaN,NaN,NaN,NaN,NaN
1554339600,2.83,2.87,2.82,2.87,139400,NaN,NaN,NaN,NaN,NaN,NaN,NaN
1554426000,2.87,2.87,2.78,2.82,229900,NaN,NaN,NaN,NaN,NaN,NaN,NaN
1554685200,2.79,2.8,2.79,2.79,576100,NaN,NaN,NaN,NaN,NaN,NaN,NaN
1554771600,2.81,2.88,2.8,2.88,46300,NaN,NaN,NaN,NaN,NaN,NaN,NaN
1554858000,2.88,2.88,2.88,2.88,0,NaN,NaN,NaN,NaN,NaN,NaN,NaN
1554944400,2.81,2.81,2.81,2.81,2500,NaN,NaN,NaN,NaN,NaN,NaN,NaN
1555030800,2.85,2.85,2.81,2.82,28800,NaN,NaN,NaN,NaN,NaN,NaN,NaN
1555290000,2.82,2.82,2.82,2.82,0,NaN,NaN,NaN,NaN,NaN,NaN,NaN
1555376400,2.8,2.83,2.8,2.81,42900,NaN,NaN,NaN,NaN,NaN,NaN,NaN
1555462800,2.81,2.82,2.8,2.81,365300,NaN,NaN,NaN,NaN,NaN,NaN,NaN
1555549200,2.8,2.85,2.8,2.82,62000,NaN,NaN,NaN,NaN,NaN,NaN,NaN
1555635600,2.85,2.86,2.85,2.85,42200,NaN,NaN,NaN,NaN,NaN,NaN,NaN
1555894800,2.87,2.87,2.85,2.85,13100,NaN,NaN,NaN,NaN,NaN,NaN,NaN
1555981200,2.85,2.89,2.85,2.88,99200,NaN,NaN,NaN,NaN,NaN,NaN,NaN
1556067600,2.88,2.88,2.83,2.88,241400,NaN,NaN,NaN,NaN,NaN,NaN,NaN
1556154000,2.89,2.91,2.89,2.91,62300,NaN,NaN,NaN,NaN,NaN,NaN,NaN
1556240400,2.9,2.9,2.89,2.9,4300,NaN,NaN,NaN,NaN,NaN,NaN,NaN
1556499600,2.91,2.91,2.89,2.89,457300,NaN,NaN,NaN,NaN,NaN,NaN,NaN
1556586000,2.91,2.91,2.87,2.87,45600,NaN,NaN,NaN,NaN,NaN,NaN,NaN
1556758800,2.9,2.9,2.89,2.89,7800,NaN,NaN,NaN,NaN,NaN,NaN,NaN
1556845200,2.89,2.89,2.87,2.88,470400,NaN,NaN,NaN,NaN,NaN,NaN,NaN
1557104400,2.88,2.88,2.86,2.87,572800,NaN,NaN,NaN,NaN,NaN,NaN,NaN
1557190800,2.86,2.86,2.84,2.85,801000,NaN,NaN,NaN,NaN,NaN,NaN,NaN
1557277200,2.84,2.85,2.83,2.85,118100,NaN,NaN,NaN,NaN,NaN,NaN,NaN
1557363600,2.86,2.86,2.84,2.84,1200,NaN,NaN,NaN,NaN,NaN,NaN,NaN
1557450000,2.86,2.9,2.85,2.85,196800,NaN,NaN,NaN,NaN,NaN,NaN,NaN
1557709200,2.84,2.87,2.84,2.86,139700,NaN,NaN,NaN,NaN,NaN,NaN,NaN
1557795600,2.85,2.89,2.84,2.86,366500,NaN,NaN,NaN,NaN,NaN,NaN,NaN
1557882000,2.88,2.9,2.88,2.89,1046000,NaN,NaN,NaN,NaN,NaN,NaN,NaN
1557968400,2.91,2.91,2.85,2.85,89400,NaN,NaN,NaN,NaN,NaN,NaN,NaN
1558054800,2.86,2.86,2.85,2.85,46500,NaN,NaN,NaN,NaN,NaN,NaN,NaN
1558400400,2.85,2.87,2.8,2.84,1170900,NaN,NaN,NaN,NaN,NaN,NaN,NaN
1558573200,2.84,2.87,2.8,2.86,1011000,NaN,NaN,NaN,NaN,NaN,NaN,NaN
1558659600,2.85,2.86,2.85,2.85,793800,NaN,NaN,NaN,NaN,NaN,NaN,NaN
1558918800,2.85,2.85,2.84,2.84,473200,NaN,NaN,NaN,NaN,NaN,NaN,NaN
1559005200,2.83,2.86,2.82,2.86,2553300,NaN,NaN,NaN,NaN,NaN,NaN,NaN
1559091600,2.84,2.86,2.84,2.86,8000,NaN,NaN,NaN,NaN,NaN,NaN,NaN
1559178000,2.87,2.9,2.87,2.87,236400,NaN,NaN,NaN,NaN,NaN,NaN,NaN
1559264400,2.87,2.9,2.85,2.86,1708700,NaN,NaN,NaN,NaN,NaN,NaN,NaN
1559523600,2.88,2.88,2.87,2.87,7400,NaN,NaN,NaN,NaN,NaN,NaN,NaN
1559610000,2.86,2.91,2.86,2.86,56400,NaN,NaN,NaN,NaN,NaN,NaN,NaN
1559869200,2.84,2.84,2.84,2.84,300,NaN,NaN,NaN,NaN,NaN,NaN,NaN
1560128400,2.84,2.86,2.8,2.81,369800,NaN,NaN,NaN,NaN,NaN,NaN,NaN
1560214800,2.82,2.86,2.81,2.85,140700,NaN,NaN,NaN,NaN,NaN,NaN,NaN
1560301200,2.85,2.86,2.85,2.85,41900,NaN,NaN,NaN,NaN,NaN,NaN,NaN
1560387600,2.83,2.85,2.8,2.85,126100,NaN,NaN,NaN,NaN,NaN,NaN,NaN
1560474000,2.85,2.86,2.85,2.86,41600,NaN,NaN,NaN,NaN,NaN,NaN,NaN
1560733200,2.86,2.86,2.86,2.86,0,NaN,NaN,NaN,NaN,NaN,NaN,NaN
1560819600,2.81,2.85,2.8,2.81,421300,NaN,NaN,NaN,NaN,NaN,NaN,NaN
1560906000,2.81,2.81,2.79,2.79,701700,NaN,NaN,NaN,NaN,NaN,NaN,NaN
1560992400,2.79,2.8,2.77,2.78,323000,NaN,NaN,NaN,NaN,NaN,NaN,NaN
1561078800,2.79,2.83,2.77,2.8,177800,NaN,NaN,NaN,NaN,NaN,NaN,NaN
1561338000,2.82,2.85,2.79,2.85,185700,NaN,NaN,NaN,NaN,NaN,NaN,NaN
1561424400,2.85,2.86,2.84,2.85,377700,NaN,NaN,NaN,NaN,NaN,NaN,NaN
1561510800,2.85,2.89,2.85,2.88,49500,NaN,NaN,NaN,NaN,NaN,NaN,NaN
1561597200,2.85,2.91,2.85,2.9,109400,NaN,NaN,NaN,NaN,NaN,NaN,NaN
1561683600,2.9,2.91,2.84,2.84,358300,1284000000,2494498000,1494057000,68251000,1736740000,1000441000,4.85915492957746
1561942800,2.84,2.87,2.82,2.86,1272200,NaN,NaN,NaN,NaN,NaN,NaN,NaN
1562029200,2.85,2.86,2.85,2.86,3400,NaN,NaN,NaN,NaN,NaN,NaN,NaN
1562115600,2.84,2.88,2.84,2.86,666600,NaN,NaN,NaN,NaN,NaN,NaN,NaN
1562202000,2.91,2.91,2.86,2.88,26600,NaN,NaN,NaN,NaN,NaN,NaN,NaN
1562288400,2.89,2.91,2.86,2.9,1849900,NaN,NaN,NaN,NaN,NaN,NaN,NaN
1562547600,2.87,2.9,2.87,2.9,166700,NaN,NaN,NaN,NaN,NaN,NaN,NaN
1562634000,2.9,2.91,2.9,2.91,21400,NaN,NaN,NaN,NaN,NaN,NaN,NaN
1562720400,2.9,2.93,2.9,2.93,78600,NaN,NaN,NaN,NaN,NaN,NaN,NaN
1562806800,2.89,2.92,2.89,2.91,44200,NaN,NaN,NaN,NaN,NaN,NaN,NaN
1562893200,2.88,2.92,2.88,2.91,222300,NaN,NaN,NaN,NaN,NaN,NaN,NaN
1563152400,2.92,2.96,2.91,2.93,681500,NaN,NaN,NaN,NaN,NaN,NaN,NaN
1563238800,2.9,2.91,2.83,2.85,464300,NaN,NaN,NaN,NaN,NaN,NaN,NaN
1563325200,2.85,2.87,2.85,2.87,730300,NaN,NaN,NaN,NaN,NaN,NaN,NaN
1563411600,2.87,2.87,2.84,2.84,1962000,NaN,NaN,NaN,NaN,NaN,NaN,NaN
1563498000,2.85,2.86,2.84,2.85,2978300,NaN,NaN,NaN,NaN,NaN,NaN,NaN
1563757200,2.85,2.85,2.85,2.85,207300,NaN,NaN,NaN,NaN,NaN,NaN,NaN
1563843600,2.84,2.85,2.84,2.85,6100,NaN,NaN,NaN,NaN,NaN,NaN,NaN
1563930000,2.89,2.89,2.85,2.85,66700,NaN,NaN,NaN,NaN,NaN,NaN,NaN
1564016400,2.85,2.85,2.85,2.85,0,NaN,NaN,NaN,NaN,NaN,NaN,NaN
1564102800,2.84,2.85,2.84,2.85,8800,NaN,NaN,NaN,NaN,NaN,NaN,NaN
1564362000,2.85,2.86,2.85,2.85,7300,NaN,NaN,NaN,NaN,NaN,NaN,NaN
1564534800,2.85,2.86,2.76,2.82,1541200,NaN,NaN,NaN,NaN,NaN,NaN,NaN
1564621200,2.82,2.86,2.82,2.86,162800,NaN,NaN,NaN,NaN,NaN,NaN,NaN
1564707600,2.87,2.88,2.84,2.86,108300,NaN,NaN,NaN,NaN,NaN,NaN,NaN
1564966800,2.86,2.87,2.86,2.86,57900,NaN,NaN,NaN,NaN,NaN,NaN,NaN
1565053200,2.84,2.86,2.82,2.86,999900,NaN,NaN,NaN,NaN,NaN,NaN,NaN
1565139600,2.9,2.9,2.85,2.86,5800,NaN,NaN,NaN,NaN,NaN,NaN,NaN
1565226000,2.89,2.89,2.85,2.89,17600,NaN,NaN,NaN,NaN,NaN,NaN,NaN
1565312400,2.89,2.89,2.85,2.85,73400,NaN,NaN,NaN,NaN,NaN,NaN,NaN
1565658000,2.85,2.86,2.85,2.86,1800,NaN,NaN,NaN,NaN,NaN,NaN,NaN
1565744400,2.86,2.86,2.85,2.86,22600,NaN,NaN,NaN,NaN,NaN,NaN,NaN
1565830800,2.85,2.86,2.85,2.86,165500,NaN,NaN,NaN,NaN,NaN,NaN,NaN
1565917200,2.85,2.89,2.85,2.89,77200,NaN,NaN,NaN,NaN,NaN,NaN,NaN
1566176400,2.86,2.86,2.86,2.86,23000,NaN,NaN,NaN,NaN,NaN,NaN,NaN
1566262800,2.86,2.86,2.86,2.86,57800,NaN,NaN,NaN,NaN,NaN,NaN,NaN
1566349200,2.86,2.86,2.83,2.85,190200,NaN,NaN,NaN,NaN,NaN,NaN,NaN
1566435600,2.85,2.88,2.85,2.88,122700,NaN,NaN,NaN,NaN,NaN,NaN,NaN
1566522000,2.89,2.89,2.86,2.87,1300,NaN,NaN,NaN,NaN,NaN,NaN,NaN
1566781200,2.85,2.85,2.85,2.85,6100,NaN,NaN,NaN,NaN,NaN,NaN,NaN
1566867600,2.85,2.85,2.85,2.85,40500,NaN,NaN,NaN,NaN,NaN,NaN,NaN
1566954000,2.85,2.85,2.83,2.83,22000,NaN,NaN,NaN,NaN,NaN,NaN,NaN
1567040400,2.83,2.83,2.8,2.81,284500,NaN,NaN,NaN,NaN,NaN,NaN,NaN
1567126800,2.85,2.86,2.84,2.84,56200,NaN,NaN,NaN,NaN,NaN,NaN,NaN
1567472400,2.84,2.86,2.82,2.82,8800,NaN,NaN,NaN,NaN,NaN,NaN,NaN
1567558800,2.82,2.82,2.82,2.82,0,NaN,NaN,NaN,NaN,NaN,NaN,NaN
1567645200,2.85,2.85,2.83,2.83,2000,NaN,NaN,NaN,NaN,NaN,NaN,NaN
1567731600,2.84,2.84,2.84,2.84,29500,NaN,NaN,NaN,NaN,NaN,NaN,NaN
1568077200,2.85,2.85,2.83,2.85,14300,NaN,NaN,NaN,NaN,NaN,NaN,NaN
1568163600,2.85,2.85,2.85,2.85,0,NaN,NaN,NaN,NaN,NaN,NaN,NaN
1568250000,2.85,2.86,2.83,2.83,665700,NaN,NaN,NaN,NaN,NaN,NaN,NaN
1568336400,2.83,2.83,2.83,2.83,0,NaN,NaN,NaN,NaN,NaN,NaN,NaN
1568682000,2.83,2.85,2.83,2.84,69000,NaN,NaN,NaN,NaN,NaN,NaN,NaN
1568768400,2.84,2.84,2.84,2.84,0,NaN,NaN,NaN,NaN,NaN,NaN,NaN
1568854800,2.84,2.84,2.84,2.84,25000,NaN,NaN,NaN,NaN,NaN,NaN,NaN
1568941200,2.89,2.89,2.84,2.85,92200,NaN,NaN,NaN,NaN,NaN,NaN,NaN
1569200400,2.84,2.84,2.84,2.84,600,NaN,NaN,NaN,NaN,NaN,NaN,NaN
1569286800,2.84,2.84,2.81,2.84,780400,NaN,NaN,NaN,NaN,NaN,NaN,NaN
1569373200,2.84,2.84,2.84,2.84,0,NaN,NaN,NaN,NaN,NaN,NaN,NaN
1569459600,2.84,2.84,2.84,2.84,0,NaN,NaN,NaN,NaN,NaN,NaN,NaN
1569546000,2.84,2.84,2.84,2.84,0,NaN,NaN,NaN,NaN,NaN,NaN,NaN
1569805200,2.85,2.85,2.83,2.85,17600,1284000000,2577888000,1592593000,59550000,1755872000,985295000,4.94736842105263
1569891600,2.83,2.86,2.83,2.85,21400,NaN,NaN,NaN,NaN,NaN,NaN,NaN
1569978000,2.84,2.85,2.84,2.85,30100,NaN,NaN,NaN,NaN,NaN,NaN,NaN
1570064400,2.85,2.85,2.83,2.85,7100,NaN,NaN,NaN,NaN,NaN,NaN,NaN
1570150800,2.85,2.86,2.85,2.86,4700,NaN,NaN,NaN,NaN,NaN,NaN,NaN
1570410000,2.88,2.88,2.83,2.84,459200,NaN,NaN,NaN,NaN,NaN,NaN,NaN
1570496400,2.82,2.82,2.81,2.81,244100,NaN,NaN,NaN,NaN,NaN,NaN,NaN
1570582800,2.82,2.82,2.82,2.82,294200,NaN,NaN,NaN,NaN,NaN,NaN,NaN
1570669200,2.82,2.82,2.81,2.82,10700,NaN,NaN,NaN,NaN,NaN,NaN,NaN
1570755600,2.82,2.82,2.82,2.82,13400,NaN,NaN,NaN,NaN,NaN,NaN,NaN
1571014800,2.82,2.84,2.81,2.82,200600,NaN,NaN,NaN,NaN,NaN,NaN,NaN
1571101200,2.82,2.82,2.82,2.82,8600,NaN,NaN,NaN,NaN,NaN,NaN,NaN
1571187600,2.82,2.82,2.82,2.82,5600,NaN,NaN,NaN,NaN,NaN,NaN,NaN
1571274000,2.82,2.84,2.82,2.82,63200,NaN,NaN,NaN,NaN,NaN,NaN,NaN
1571360400,2.82,2.82,2.81,2.81,10800,NaN,NaN,NaN,NaN,NaN,NaN,NaN
1571619600,2.8,2.81,2.79,2.8,760300,NaN,NaN,NaN,NaN,NaN,NaN,NaN
1571706000,2.8,2.81,2.8,2.8,26100,NaN,NaN,NaN,NaN,NaN,NaN,NaN
1571792400,2.8,2.81,2.8,2.81,137600,NaN,NaN,NaN,NaN,NaN,NaN,NaN
1571878800,2.81,2.82,2.81,2.81,1087800,NaN,NaN,NaN,NaN,NaN,NaN,NaN
1571965200,2.82,2.82,2.81,2.81,300,NaN,NaN,NaN,NaN,NaN,NaN,NaN
1572310800,2.81,2.82,2.81,2.81,31500,NaN,NaN,NaN,NaN,NaN,NaN,NaN
1572397200,2.81,2.82,2.81,2.82,14000,NaN,NaN,NaN,NaN,NaN,NaN,NaN
1572483600,2.8,2.86,2.79,2.8,497000,NaN,NaN,NaN,NaN,NaN,NaN,NaN
1572570000,2.86,2.86,2.8,2.8,12400,NaN,NaN,NaN,NaN,NaN,NaN,NaN
1572829200,2.8,2.85,2.79,2.8,151100,NaN,NaN,NaN,NaN,NaN,NaN,NaN
1572915600,2.81,2.85,2.81,2.85,66400,NaN,NaN,NaN,NaN,NaN,NaN,NaN
1573002000,2.85,2.85,2.85,2.85,0,NaN,NaN,NaN,NaN,NaN,NaN,NaN
1573088400,2.85,2.86,2.81,2.81,222300,NaN,NaN,NaN,NaN,NaN,NaN,NaN
1573174800,2.85,2.85,2.85,2.85,319900,NaN,NaN,NaN,NaN,NaN,NaN,NaN
1573434000,2.85,2.85,2.85,2.85,12500,NaN,NaN,NaN,NaN,NaN,NaN,NaN
1573520400,2.85,2.87,2.83,2.83,18800,NaN,NaN,NaN,NaN,NaN,NaN,NaN
1573606800,2.83,2.83,2.83,2.83,0,NaN,NaN,NaN,NaN,NaN,NaN,NaN
1573693200,2.83,2.83,2.82,2.82,6600,NaN,NaN,NaN,NaN,NaN,NaN,NaN
1573779600,2.82,2.82,2.81,2.81,57700,NaN,NaN,NaN,NaN,NaN,NaN,NaN
1574038800,2.81,2.82,2.79,2.8,302200,NaN,NaN,NaN,NaN,NaN,NaN,NaN
1574125200,2.8,2.8,2.79,2.8,1471700,NaN,NaN,NaN,NaN,NaN,NaN,NaN
1574211600,2.85,2.85,2.8,2.8,4700,NaN,NaN,NaN,NaN,NaN,NaN,NaN
1574298000,2.8,2.85,2.79,2.85,190000,NaN,NaN,NaN,NaN,NaN,NaN,NaN
1574384400,2.85,2.85,2.79,2.8,171700,NaN,NaN,NaN,NaN,NaN,NaN,NaN
1574643600,2.84,2.84,2.84,2.84,700,NaN,NaN,NaN,NaN,NaN,NaN,NaN
1574730000,2.83,2.83,2.72,2.73,311300,NaN,NaN,NaN,NaN,NaN,NaN,NaN
1574816400,2.74,2.75,2.7,2.71,174900,NaN,NaN,NaN,NaN,NaN,NaN,NaN
1574902800,2.75,2.75,2.71,2.75,184800,NaN,NaN,NaN,NaN,NaN,NaN,NaN
1574989200,2.71,2.72,2.7,2.7,83300,NaN,NaN,NaN,NaN,NaN,NaN,NaN
1575248400,2.7,2.73,2.69,2.69,66800,NaN,NaN,NaN,NaN,NaN,NaN,NaN
1575334800,2.7,2.71,2.7,2.71,34900,NaN,NaN,NaN,NaN,NaN,NaN,NaN
1575421200,2.71,2.71,2.7,2.7,3600,NaN,NaN,NaN,NaN,NaN,NaN,NaN
1575507600,2.72,2.72,2.7,2.7,8200,NaN,NaN,NaN,NaN,NaN,NaN,NaN
1575594000,2.7,2.72,2.68,2.69,51500,NaN,NaN,NaN,NaN,NaN,NaN,NaN
1575853200,2.71,2.72,2.7,2.7,12900,NaN,NaN,NaN,NaN,NaN,NaN,NaN
1575939600,2.7,2.71,2.69,2.69,69500,NaN,NaN,NaN,NaN,NaN,NaN,NaN
1576026000,2.68,2.69,2.66,2.68,304100,NaN,NaN,NaN,NaN,NaN,NaN,NaN
1576112400,2.69,2.69,2.69,2.69,2100,NaN,NaN,NaN,NaN,NaN,NaN,NaN
1576198800,2.69,2.69,2.67,2.68,6800,NaN,NaN,NaN,NaN,NaN,NaN,NaN
1576458000,2.68,2.68,2.59,2.6,482300,NaN,NaN,NaN,NaN,NaN,NaN,NaN
1576544400,2.6,2.62,2.57,2.59,345400,NaN,NaN,NaN,NaN,NaN,NaN,NaN
1576630800,2.59,2.6,2.58,2.58,336600,NaN,NaN,NaN,NaN,NaN,NaN,NaN
1576717200,2.58,2.61,2.58,2.6,32000,NaN,NaN,NaN,NaN,NaN,NaN,NaN
1576803600,2.59,2.61,2.59,2.61,21300,NaN,NaN,NaN,NaN,NaN,NaN,NaN
1577062800,2.65,2.65,2.65,2.65,17400,NaN,NaN,NaN,NaN,NaN,NaN,NaN
1577149200,2.68,2.7,2.65,2.65,31500,NaN,NaN,NaN,NaN,NaN,NaN,NaN
1577322000,2.78,2.8,2.72,2.75,113200,NaN,NaN,NaN,NaN,NaN,NaN,NaN
1577408400,2.77,2.78,2.77,2.77,25500,NaN,NaN,NaN,NaN,NaN,NaN,NaN
1577667600,2.77,2.8,2.75,2.8,216900,NaN,NaN,NaN,NaN,NaN,NaN,NaN
1577754000,2.8,2.81,2.75,2.75,546200,1284000000,2622064000,1579009000,56269000,1678270000,1043055000.0000001,5.12727272727273
1577926800,2.75,2.75,2.75,2.75,0,NaN,NaN,NaN,NaN,NaN,NaN,NaN
1578013200,2.8,2.8,2.8,2.8,372500,NaN,NaN,NaN,NaN,NaN,NaN,NaN
1578272400,2.83,2.83,2.8,2.82,194900,NaN,NaN,NaN,NaN,NaN,NaN,NaN
1578358800,2.83,2.83,2.81,2.81,6300,NaN,NaN,NaN,NaN,NaN,NaN,NaN
1578445200,2.76,2.81,2.7,2.8,643100,NaN,NaN,NaN,NaN,NaN,NaN,NaN
1578531600,2.8,2.8,2.79,2.8,251300,NaN,NaN,NaN,NaN,NaN,NaN,NaN
1578618000,2.8,2.8,2.8,2.8,107000,NaN,NaN,NaN,NaN,NaN,NaN,NaN
1578877200,2.76,2.8,2.76,2.8,36800,NaN,NaN,NaN,NaN,NaN,NaN,NaN
1578963600,2.77,2.8,2.76,2.78,138100,NaN,NaN,NaN,NaN,NaN,NaN,NaN
1579050000,2.78,2.78,2.78,2.78,0,NaN,NaN,NaN,NaN,NaN,NaN,NaN
1579136400,2.78,2.8,2.78,2.79,1111700,NaN,NaN,NaN,NaN,NaN,NaN,NaN
1579222800,2.78,2.78,2.78,2.78,126000,NaN,NaN,NaN,NaN,NaN,NaN,NaN
1579482000,2.8,2.83,2.8,2.8,145200,NaN,NaN,NaN,NaN,NaN,NaN,NaN
1579568400,2.78,2.78,2.78,2.78,40000,NaN,NaN,NaN,NaN,NaN,NaN,NaN
1579654800,2.79,2.79,2.78,2.78,22200,NaN,NaN,NaN,NaN,NaN,NaN,NaN
1579741200,2.77,2.77,2.75,2.75,1200,NaN,NaN,NaN,NaN,NaN,NaN,NaN
1579827600,2.75,2.75,2.75,2.75,0,NaN,NaN,NaN,NaN,NaN,NaN,NaN
1580173200,2.75,2.75,2.75,2.75,54400,NaN,NaN,NaN,NaN,NaN,NaN,NaN
1580259600,2.71,2.75,2.71,2.75,256700,NaN,NaN,NaN,NaN,NaN,NaN,NaN
1580346000,2.74,2.77,2.74,2.77,29100,NaN,NaN,NaN,NaN,NaN,NaN,NaN
1580432400,2.75,2.75,2.73,2.75,47400,NaN,NaN,NaN,NaN,NaN,NaN,NaN
1580691600,2.72,2.76,2.72,2.76,32400,NaN,NaN,NaN,NaN,NaN,NaN,NaN
1580778000,2.76,2.76,2.75,2.76,36600,NaN,NaN,NaN,NaN,NaN,NaN,NaN
1580864400,2.76,2.8,2.76,2.8,76300,NaN,NaN,NaN,NaN,NaN,NaN,NaN
1580950800,2.82,2.82,2.74,2.75,409400,NaN,NaN,NaN,NaN,NaN,NaN,NaN
1581037200,2.8,2.81,2.75,2.79,57100,NaN,NaN,NaN,NaN,NaN,NaN,NaN
1581296400,2.75,2.79,2.75,2.79,91400,NaN,NaN,NaN,NaN,NaN,NaN,NaN
1581382800,2.77,2.81,2.75,2.81,30200,NaN,NaN,NaN,NaN,NaN,NaN,NaN
1581469200,2.81,2.82,2.81,2.82,35700,NaN,NaN,NaN,NaN,NaN,NaN,NaN
1581555600,2.82,2.82,2.81,2.82,78000,NaN,NaN,NaN,NaN,NaN,NaN,NaN
1581642000,2.83,2.84,2.83,2.83,379700,NaN,NaN,NaN,NaN,NaN,NaN,NaN
1581901200,2.84,2.84,2.83,2.83,55300,NaN,NaN,NaN,NaN,NaN,NaN,NaN
1581987600,2.85,2.86,2.84,2.84,99200,NaN,NaN,NaN,NaN,NaN,NaN,NaN
1582074000,2.84,2.88,2.84,2.85,36800,NaN,NaN,NaN,NaN,NaN,NaN,NaN
1582160400,2.85,2.86,2.85,2.86,5400,NaN,NaN,NaN,NaN,NaN,NaN,NaN
1582246800,2.85,2.85,2.82,2.82,18800,NaN,NaN,NaN,NaN,NaN,NaN,NaN
1582506000,2.76,2.79,2.76,2.78,120300,NaN,NaN,NaN,NaN,NaN,NaN,NaN
1582592400,2.79,2.81,2.79,2.8,235500,NaN,NaN,NaN,NaN,NaN,NaN,NaN
1582678800,2.79,2.79,2.79,2.79,4000,NaN,NaN,NaN,NaN,NaN,NaN,NaN
1582765200,2.79,2.8,2.79,2.79,50300,NaN,NaN,NaN,NaN,NaN,NaN,NaN
1582851600,2.79,2.8,2.78,2.8,70300,NaN,NaN,NaN,NaN,NaN,NaN,NaN
1583110800,2.79,2.8,2.79,2.8,136400,NaN,NaN,NaN,NaN,NaN,NaN,NaN
1583197200,2.8,2.8,2.8,2.8,153900,NaN,NaN,NaN,NaN,NaN,NaN,NaN
1583283600,2.8,2.81,2.8,2.81,353500,NaN,NaN,NaN,NaN,NaN,NaN,NaN
1583370000,2.8,2.82,2.8,2.82,19400,NaN,NaN,NaN,NaN,NaN,NaN,NaN
1583456400,2.79,2.82,2.79,2.82,109900,NaN,NaN,NaN,NaN,NaN,NaN,NaN
1583715600,2.82,2.82,2.67,2.71,203000,NaN,NaN,NaN,NaN,NaN,NaN,NaN
1583802000,2.7,2.75,2.7,2.75,425900,NaN,NaN,NaN,NaN,NaN,NaN,NaN
1583888400,2.79,2.79,2.74,2.75,32400,NaN,NaN,NaN,NaN,NaN,NaN,NaN
1583974800,2.7,2.73,2.7,2.73,302400,NaN,NaN,NaN,NaN,NaN,NaN,NaN
1584061200,2.67,2.7,2.66,2.68,705600,NaN,NaN,NaN,NaN,NaN,NaN,NaN
1584320400,2.62,2.67,2.48,2.66,1013100,NaN,NaN,NaN,NaN,NaN,NaN,NaN
1584406800,2.3,2.58,2.3,2.55,2502800,NaN,NaN,NaN,NaN,NaN,NaN,NaN
1584493200,2.56,2.57,2.55,2.56,2006300,NaN,NaN,NaN,NaN,NaN,NaN,NaN
1584579600,2.54,2.54,2.42,2.5,269100,NaN,NaN,NaN,NaN,NaN,NaN,NaN
1584666000,2.5,2.52,2.41,2.5,46200,NaN,NaN,NaN,NaN,NaN,NaN,NaN
1584925200,2.48,2.48,2.41,2.42,207400,NaN,NaN,NaN,NaN,NaN,NaN,NaN
1585011600,2.42,2.48,2.42,2.46,93400,NaN,NaN,NaN,NaN,NaN,NaN,NaN
1585098000,2.46,2.46,2.46,2.46,176600,NaN,NaN,NaN,NaN,NaN,NaN,NaN
1585184400,2.46,2.5,2.46,2.5,5300,NaN,NaN,NaN,NaN,NaN,NaN,NaN
1585270800,2.5,2.61,2.5,2.6,35200,NaN,NaN,NaN,NaN,NaN,NaN,NaN
1585530000,2.58,2.6,2.57,2.6,21500,NaN,NaN,NaN,NaN,NaN,NaN,NaN
1585616400,2.6,2.6,2.6,2.6,3100,1284000000,2456223000,1429415000,67411000,1606205000,1026808000,5.42307692307692
1585702800,2.6,2.66,2.55,2.66,48500,NaN,NaN,NaN,NaN,NaN,NaN,NaN
1585789200,2.62,2.65,2.62,2.62,18200,NaN,NaN,NaN,NaN,NaN,NaN,NaN
1585875600,2.62,2.65,2.62,2.62,29300,NaN,NaN,NaN,NaN,NaN,NaN,NaN
1586134800,2.62,2.65,2.62,2.65,110500,NaN,NaN,NaN,NaN,NaN,NaN,NaN
1586221200,2.6,2.69,2.6,2.65,12000,NaN,NaN,NaN,NaN,NaN,NaN,NaN
1586307600,2.65,2.72,2.65,2.67,48000,NaN,NaN,NaN,NaN,NaN,NaN,NaN
1586394000,2.72,2.72,2.7,2.7,11700,NaN,NaN,NaN,NaN,NaN,NaN,NaN
1586480400,2.7,2.72,2.7,2.7,6400,NaN,NaN,NaN,NaN,NaN,NaN,NaN
1586739600,2.71,2.76,2.71,2.76,5600,NaN,NaN,NaN,NaN,NaN,NaN,NaN
1586826000,2.76,2.76,2.7,2.7,4200,NaN,NaN,NaN,NaN,NaN,NaN,NaN
1586912400,2.71,2.76,2.71,2.76,8500,NaN,NaN,NaN,NaN,NaN,NaN,NaN
1586998800,2.76,2.8,2.76,2.79,56600,NaN,NaN,NaN,NaN,NaN,NaN,NaN
1587085200,2.81,2.9,2.81,2.88,151200,NaN,NaN,NaN,NaN,NaN,NaN,NaN
1587344400,2.88,2.88,2.82,2.84,345800,NaN,NaN,NaN,NaN,NaN,NaN,NaN
1587430800,2.84,2.84,2.83,2.83,27000,NaN,NaN,NaN,NaN,NaN,NaN,NaN
1587517200,2.83,2.84,2.76,2.84,88500,NaN,NaN,NaN,NaN,NaN,NaN,NaN
1587603600,2.84,2.85,2.72,2.8,671100,NaN,NaN,NaN,NaN,NaN,NaN,NaN
1587690000,2.85,2.85,2.77,2.77,302200,NaN,NaN,NaN,NaN,NaN,NaN,NaN
1587949200,2.8,2.85,2.77,2.77,30700,NaN,NaN,NaN,NaN,NaN,NaN,NaN
1588035600,2.85,2.85,2.82,2.82,338000,NaN,NaN,NaN,NaN,NaN,NaN,NaN
1588122000,2.85,2.85,2.82,2.85,3000,NaN,NaN,NaN,NaN,NaN,NaN,NaN
1588208400,2.9,2.9,2.82,2.83,19700,NaN,NaN,NaN,NaN,NaN,NaN,NaN
1588554000,2.8,2.8,2.8,2.8,400,NaN,NaN,NaN,NaN,NaN,NaN,NaN
1588640400,2.82,2.82,2.82,2.82,1000,NaN,NaN,NaN,NaN,NaN,NaN,NaN
1588726800,2.8,2.81,2.8,2.81,1007100,NaN,NaN,NaN,NaN,NaN,NaN,NaN
1588899600,2.81,2.85,2.8,2.85,9500,NaN,NaN,NaN,NaN,NaN,NaN,NaN
1589245200,2.82,2.82,2.81,2.81,1037400,NaN,NaN,NaN,NaN,NaN,NaN,NaN
1589331600,2.8,2.8,2.77,2.77,86000,NaN,NaN,NaN,NaN,NaN,NaN,NaN
1589418000,2.78,2.8,2.77,2.77,16000,NaN,NaN,NaN,NaN,NaN,NaN,NaN
1589504400,2.85,2.87,2.81,2.81,57100,NaN,NaN,NaN,NaN,NaN,NaN,NaN
1589763600,2.86,2.86,2.8,2.81,1067300,NaN,NaN,NaN,NaN,NaN,NaN,NaN
1589850000,2.82,2.87,2.82,2.86,189400,NaN,NaN,NaN,NaN,NaN,NaN,NaN
1589936400,2.88,2.88,2.82,2.82,15500,NaN,NaN,NaN,NaN,NaN,NaN,NaN
1590022800,2.83,2.83,2.82,2.82,5200,NaN,NaN,NaN,NaN,NaN,NaN,NaN
1590109200,2.82,2.82,2.75,2.77,56400,NaN,NaN,NaN,NaN,NaN,NaN,NaN
1590541200,2.8,2.81,2.8,2.8,27100,NaN,NaN,NaN,NaN,NaN,NaN,NaN
1590627600,2.81,2.81,2.8,2.8,11000,NaN,NaN,NaN,NaN,NaN,NaN,NaN
1590714000,2.81,2.81,2.8,2.8,2800,NaN,NaN,NaN,NaN,NaN,NaN,NaN
1590973200,2.8,2.81,2.77,2.77,696100,NaN,NaN,NaN,NaN,NaN,NaN,NaN
1591059600,2.8,2.8,2.78,2.78,112000,NaN,NaN,NaN,NaN,NaN,NaN,NaN
1591146000,2.79,2.79,2.77,2.77,253400,NaN,NaN,NaN,NaN,NaN,NaN,NaN
1591232400,2.78,2.8,2.78,2.8,41300,NaN,NaN,NaN,NaN,NaN,NaN,NaN
1591318800,2.79,2.84,2.76,2.82,65800,NaN,NaN,NaN,NaN,NaN,NaN,NaN
1591664400,2.84,2.85,2.82,2.84,337800,NaN,NaN,NaN,NaN,NaN,NaN,NaN
1591750800,2.84,2.84,2.83,2.83,17500,NaN,NaN,NaN,NaN,NaN,NaN,NaN
1591837200,2.83,2.84,2.8,2.8,3000,NaN,NaN,NaN,NaN,NaN,NaN,NaN
1591923600,2.77,2.77,2.77,2.77,7600,NaN,NaN,NaN,NaN,NaN,NaN,NaN
1592182800,2.77,2.8,2.77,2.8,34100,NaN,NaN,NaN,NaN,NaN,NaN,NaN
1592269200,2.77,2.84,2.77,2.8,106300,NaN,NaN,NaN,NaN,NaN,NaN,NaN
1592355600,2.82,2.84,2.82,2.82,74900,NaN,NaN,NaN,NaN,NaN,NaN,NaN
1592442000,2.82,2.82,2.8,2.8,21600,NaN,NaN,NaN,NaN,NaN,NaN,NaN
1592528400,2.81,2.81,2.8,2.8,9000,NaN,NaN,NaN,NaN,NaN,NaN,NaN
1592787600,2.79,2.8,2.78,2.8,40700,NaN,NaN,NaN,NaN,NaN,NaN,NaN
1592874000,2.8,2.8,2.8,2.8,0,NaN,NaN,NaN,NaN,NaN,NaN,NaN
1592960400,2.82,2.89,2.82,2.89,80000,NaN,NaN,NaN,NaN,NaN,NaN,NaN
1593046800,2.89,2.89,2.82,2.89,63400,NaN,NaN,NaN,NaN,NaN,NaN,NaN
1593133200,2.88,2.89,2.85,2.88,107000,NaN,NaN,NaN,NaN,NaN,NaN,NaN
1593392400,2.85,2.87,2.84,2.87,317200,NaN,NaN,NaN,NaN,NaN,NaN,NaN
1593478800,2.82,2.82,2.8,2.8,4800,1284000000,2474165000,1460022000,61783000,1539640000,1014143000,4.83928571428571
1593565200,2.79,2.79,2.79,2.79,3000,NaN,NaN,NaN,NaN,NaN,NaN,NaN
1593651600,2.78,2.79,2.77,2.78,320500,NaN,NaN,NaN,NaN,NaN,NaN,NaN
1593738000,2.8,2.8,2.76,2.78,1045800,NaN,NaN,NaN,NaN,NaN,NaN,NaN
1593997200,2.77,2.79,2.75,2.75,48900,NaN,NaN,NaN,NaN,NaN,NaN,NaN
1594083600,2.75,2.83,2.75,2.79,768900,NaN,NaN,NaN,NaN,NaN,NaN,NaN
1594170000,2.79,2.79,2.79,2.79,0,NaN,NaN,NaN,NaN,NaN,NaN,NaN
1594256400,2.79,2.79,2.79,2.79,0,NaN,NaN,NaN,NaN,NaN,NaN,NaN
1594342800,2.79,2.8,2.79,2.8,246500,NaN,NaN,NaN,NaN,NaN,NaN,NaN
1594602000,2.8,2.83,2.78,2.83,390700,NaN,NaN,NaN,NaN,NaN,NaN,NaN
1594688400,2.8,2.82,2.78,2.82,3009000,NaN,NaN,NaN,NaN,NaN,NaN,NaN
1594774800,2.82,2.82,2.82,2.82,2200,NaN,NaN,NaN,NaN,NaN,NaN,NaN
1594861200,2.82,2.82,2.78,2.78,659400,NaN,NaN,NaN,NaN,NaN,NaN,NaN
1594947600,2.78,2.79,2.78,2.78,1382100,NaN,NaN,NaN,NaN,NaN,NaN,NaN
1595206800,2.78,2.78,2.77,2.78,44500,NaN,NaN,NaN,NaN,NaN,NaN,NaN
1595293200,2.8,2.8,2.79,2.79,58400,NaN,NaN,NaN,NaN,NaN,NaN,NaN
1595379600,2.8,2.8,2.76,2.77,32600,NaN,NaN,NaN,NaN,NaN,NaN,NaN
1595466000,2.78,2.78,2.77,2.77,45000,NaN,NaN,NaN,NaN,NaN,NaN,NaN
1595552400,2.77,2.77,2.73,2.77,35400,NaN,NaN,NaN,NaN,NaN,NaN,NaN
1595811600,2.77,2.78,2.77,2.77,56500,NaN,NaN,NaN,NaN,NaN,NaN,NaN
1595898000,2.8,2.8,2.76,2.77,32500,NaN,NaN,NaN,NaN,NaN,NaN,NaN
1595984400,2.76,2.76,2.76,2.76,3300,NaN,NaN,NaN,NaN,NaN,NaN,NaN
1596070800,2.76,2.76,2.74,2.74,729600,NaN,NaN,NaN,NaN,NaN,NaN,NaN
1596416400,2.76,2.76,2.75,2.75,105200,NaN,NaN,NaN,NaN,NaN,NaN,NaN
1596502800,2.75,2.76,2.75,2.75,3500,NaN,NaN,NaN,NaN,NaN,NaN,NaN
1596589200,2.75,2.75,2.73,2.73,11000,NaN,NaN,NaN,NaN,NaN,NaN,NaN
1596675600,2.73,2.73,2.73,2.73,58500,NaN,NaN,NaN,NaN,NaN,NaN,NaN
1596762000,2.79,2.8,2.79,2.79,99100,NaN,NaN,NaN,NaN,NaN,NaN,NaN
1597021200,2.79,2.8,2.79,2.79,24500,NaN,NaN,NaN,NaN,NaN,NaN,NaN
1597107600,2.78,2.79,2.78,2.79,9400,NaN,NaN,NaN,NaN,NaN,NaN,NaN
1597194000,2.79,2.79,2.75,2.77,13100,NaN,NaN,NaN,NaN,NaN,NaN,NaN
1597280400,2.76,2.76,2.7,2.7,616700,NaN,NaN,NaN,NaN,NaN,NaN,NaN
1597366800,2.77,2.77,2.75,2.75,434400,NaN,NaN,NaN,NaN,NaN,NaN,NaN
1597626000,2.75,2.75,2.75,2.75,15600,NaN,NaN,NaN,NaN,NaN,NaN,NaN
1597712400,2.77,2.77,2.77,2.77,11500,NaN,NaN,NaN,NaN,NaN,NaN,NaN
1597798800,2.77,2.77,2.77,2.77,6000,NaN,NaN,NaN,NaN,NaN,NaN,NaN
1597971600,2.77,2.77,2.75,2.75,8300,NaN,NaN,NaN,NaN,NaN,NaN,NaN
1598230800,2.77,2.78,2.74,2.76,328900,NaN,NaN,NaN,NaN,NaN,NaN,NaN
1598317200,2.76,2.76,2.74,2.74,130000,NaN,NaN,NaN,NaN,NaN,NaN,NaN
1598403600,2.76,2.8,2.75,2.76,208600,NaN,NaN,NaN,NaN,NaN,NaN,NaN
1598490000,2.76,2.77,2.75,2.76,516900,NaN,NaN,NaN,NaN,NaN,NaN,NaN
1598576400,2.8,2.8,2.77,2.78,78600,NaN,NaN,NaN,NaN,NaN,NaN,NaN
1598922000,2.77,2.78,2.76,2.77,322400,NaN,NaN,NaN,NaN,NaN,NaN,NaN
1599008400,2.78,2.78,2.78,2.78,14100,NaN,NaN,NaN,NaN,NaN,NaN,NaN
1599094800,2.8,2.8,2.78,2.78,118400,NaN,NaN,NaN,NaN,NaN,NaN,NaN
1599181200,2.78,2.79,2.78,2.78,93000,NaN,NaN,NaN,NaN,NaN,NaN,NaN
1599440400,2.78,2.8,2.78,2.8,103300,NaN,NaN,NaN,NaN,NaN,NaN,NaN
1599526800,2.78,2.79,2.78,2.78,20500,NaN,NaN,NaN,NaN,NaN,NaN,NaN
1599613200,2.78,2.8,2.76,2.76,127700,NaN,NaN,NaN,NaN,NaN,NaN,NaN
1599699600,2.76,2.8,2.76,2.8,928400,NaN,NaN,NaN,NaN,NaN,NaN,NaN
1599786000,2.8,2.8,2.78,2.78,126800,NaN,NaN,NaN,NaN,NaN,NaN,NaN
1600045200,2.78,2.78,2.77,2.77,117700,NaN,NaN,NaN,NaN,NaN,NaN,NaN
1600131600,2.77,2.8,2.76,2.78,67800,NaN,NaN,NaN,NaN,NaN,NaN,NaN
1600304400,2.78,2.78,2.76,2.77,132900,NaN,NaN,NaN,NaN,NaN,NaN,NaN
1600390800,2.79,2.79,2.75,2.79,45200,NaN,NaN,NaN,NaN,NaN,NaN,NaN
1600650000,2.75,2.76,2.65,2.76,55500,NaN,NaN,NaN,NaN,NaN,NaN,NaN
1600736400,2.77,2.77,2.74,2.75,82200,NaN,NaN,NaN,NaN,NaN,NaN,NaN
1600822800,2.75,2.75,2.72,2.72,16000,NaN,NaN,NaN,NaN,NaN,NaN,NaN
1600909200,2.72,2.74,2.72,2.72,6900,NaN,NaN,NaN,NaN,NaN,NaN,NaN
1600995600,2.72,2.72,2.72,2.72,0,NaN,NaN,NaN,NaN,NaN,NaN,NaN
1601254800,2.75,2.75,2.72,2.72,28100,NaN,NaN,NaN,NaN,NaN,NaN,NaN
1601341200,2.72,2.72,2.72,2.72,0,NaN,NaN,NaN,NaN,NaN,NaN,NaN
1601427600,2.73,2.73,2.73,2.73,14800,1284000000,2710856000,1700611000,75251000,1722101000,1010245000,5.18315018315018
1601514000,2.73,2.73,2.73,2.73,0,NaN,NaN,NaN,NaN,NaN,NaN,NaN
1601600400,2.71,2.73,2.71,2.73,6700,NaN,NaN,NaN,NaN,NaN,NaN,NaN
1601859600,2.73,2.73,2.71,2.71,20700,NaN,NaN,NaN,NaN,NaN,NaN,NaN
1601946000,2.73,2.73,2.73,2.73,200,NaN,NaN,NaN,NaN,NaN,NaN,NaN
1602032400,2.73,2.73,2.73,2.73,300,NaN,NaN,NaN,NaN,NaN,NaN,NaN
1602118800,2.7,2.72,2.7,2.7,11300,NaN,NaN,NaN,NaN,NaN,NaN,NaN
1602205200,2.7,2.7,2.7,2.7,6000,NaN,NaN,NaN,NaN,NaN,NaN,NaN
1602464400,2.7,2.7,2.7,2.7,6100,NaN,NaN,NaN,NaN,NaN,NaN,NaN
1602550800,2.7,2.71,2.7,2.7,12500,NaN,NaN,NaN,NaN,NaN,NaN,NaN
1602637200,2.71,2.74,2.71,2.71,11800,NaN,NaN,NaN,NaN,NaN,NaN,NaN
1602723600,2.73,2.74,2.71,2.74,4600,NaN,NaN,NaN,NaN,NaN,NaN,NaN
1602810000,2.74,2.74,2.7,2.73,29000,NaN,NaN,NaN,NaN,NaN,NaN,NaN
1603069200,2.73,2.73,2.73,2.73,1000,NaN,NaN,NaN,NaN,NaN,NaN,NaN
1603155600,2.73,2.73,2.71,2.71,8300,NaN,NaN,NaN,NaN,NaN,NaN,NaN
1603242000,2.71,2.71,2.71,2.71,0,NaN,NaN,NaN,NaN,NaN,NaN,NaN
1603328400,2.71,2.71,2.71,2.71,500,NaN,NaN,NaN,NaN,NaN,NaN,NaN
1603414800,2.71,2.71,2.71,2.71,1100,NaN,NaN,NaN,NaN,NaN,NaN,NaN
1603674000,2.74,2.74,2.69,2.7,17300,NaN,NaN,NaN,NaN,NaN,NaN,NaN
1603760400,2.7,2.7,2.7,2.7,2000,NaN,NaN,NaN,NaN,NaN,NaN,NaN
1603846800,2.7,2.71,2.69,2.71,14400,NaN,NaN,NaN,NaN,NaN,NaN,NaN
1604019600,2.76,2.76,2.69,2.7,3100,NaN,NaN,NaN,NaN,NaN,NaN,NaN
1604278800,2.69,2.71,2.68,2.71,5200,NaN,NaN,NaN,NaN,NaN,NaN,NaN
1604365200,2.69,2.71,2.68,2.71,47700,NaN,NaN,NaN,NaN,NaN,NaN,NaN
1604451600,2.7,2.7,2.69,2.69,5200,NaN,NaN,NaN,NaN,NaN,NaN,NaN
1604538000,2.7,2.71,2.7,2.71,20400,NaN,NaN,NaN,NaN,NaN,NaN,NaN
1604624400,2.69,2.71,2.69,2.71,11000,NaN,NaN,NaN,NaN,NaN,NaN,NaN
1604883600,2.7,2.7,2.7,2.7,4100,NaN,NaN,NaN,NaN,NaN,NaN,NaN
1604970000,2.72,2.73,2.7,2.73,54000,NaN,NaN,NaN,NaN,NaN,NaN,NaN
1605056400,2.73,2.73,2.72,2.72,2000,NaN,NaN,NaN,NaN,NaN,NaN,NaN
1605142800,2.73,2.77,2.71,2.72,47500,NaN,NaN,NaN,NaN,NaN,NaN,NaN
1605229200,2.77,2.78,2.72,2.72,357200,NaN,NaN,NaN,NaN,NaN,NaN,NaN
1605488400,2.73,2.78,2.69,2.7,881400,NaN,NaN,NaN,NaN,NaN,NaN,NaN
1605574800,2.7,2.75,2.69,2.71,439600,NaN,NaN,NaN,NaN,NaN,NaN,NaN
1605661200,2.72,2.72,2.7,2.71,71500,NaN,NaN,NaN,NaN,NaN,NaN,NaN
1605747600,2.72,2.73,2.71,2.72,38900,NaN,NaN,NaN,NaN,NaN,NaN,NaN
1605834000,2.71,2.71,2.71,2.71,55400,NaN,NaN,NaN,NaN,NaN,NaN,NaN
1606093200,2.7,2.75,2.7,2.75,28000,NaN,NaN,NaN,NaN,NaN,NaN,NaN
1606179600,2.73,2.74,2.72,2.74,38500,NaN,NaN,NaN,NaN,NaN,NaN,NaN
1606266000,2.74,2.74,2.72,2.72,19600,NaN,NaN,NaN,NaN,NaN,NaN,NaN
1606352400,2.72,2.72,2.71,2.72,421900,NaN,NaN,NaN,NaN,NaN,NaN,NaN
1606438800,2.73,2.75,2.73,2.75,89200,NaN,NaN,NaN,NaN,NaN,NaN,NaN
1606698000,2.71,2.73,2.71,2.73,223000,NaN,NaN,NaN,NaN,NaN,NaN,NaN
1606784400,2.74,2.74,2.72,2.73,293100,NaN,NaN,NaN,NaN,NaN,NaN,NaN
1606870800,2.74,2.75,2.7,2.72,480900,NaN,NaN,NaN,NaN,NaN,NaN,NaN
1606957200,2.72,2.72,2.7,2.72,315800,NaN,NaN,NaN,NaN,NaN,NaN,NaN
1607043600,2.74,2.74,2.72,2.72,446300,NaN,NaN,NaN,NaN,NaN,NaN,NaN
1607302800,2.72,2.74,2.72,2.73,591500,NaN,NaN,NaN,NaN,NaN,NaN,NaN
1607389200,2.73,2.74,2.71,2.74,65600,NaN,NaN,NaN,NaN,NaN,NaN,NaN
1607475600,2.71,2.76,2.71,2.75,103400,NaN,NaN,NaN,NaN,NaN,NaN,NaN
1607562000,2.75,2.77,2.73,2.77,72900,NaN,NaN,NaN,NaN,NaN,NaN,NaN
1607648400,2.74,2.76,2.73,2.74,101500,NaN,NaN,NaN,NaN,NaN,NaN,NaN
1607907600,2.78,2.78,2.7,2.7,223700,NaN,NaN,NaN,NaN,NaN,NaN,NaN
1607994000,2.71,2.75,2.68,2.7,195600,NaN,NaN,NaN,NaN,NaN,NaN,NaN
1608080400,2.7,2.7,2.64,2.65,635100,NaN,NaN,NaN,NaN,NaN,NaN,NaN
1608166800,2.7,2.7,2.6,2.6,870400,NaN,NaN,NaN,NaN,NaN,NaN,NaN
1608253200,2.63,2.63,2.6,2.6,511800,NaN,NaN,NaN,NaN,NaN,NaN,NaN
1608512400,2.65,2.66,2.59,2.59,1058500,NaN,NaN,NaN,NaN,NaN,NaN,NaN
1608598800,2.62,2.64,2.61,2.64,100200,NaN,NaN,NaN,NaN,NaN,NaN,NaN
1608685200,2.63,2.66,2.63,2.66,144600,NaN,NaN,NaN,NaN,NaN,NaN,NaN
1608771600,2.67,2.67,2.65,2.65,45200,NaN,NaN,NaN,NaN,NaN,NaN,NaN
1609117200,2.65,2.65,2.65,2.65,45100,NaN,NaN,NaN,NaN,NaN,NaN,NaN
1609203600,2.65,2.71,2.65,2.7,229000,NaN,NaN,NaN,NaN,NaN,NaN,NaN
1609290000,2.7,2.73,2.7,2.7,227900,NaN,NaN,NaN,NaN,NaN,NaN,NaN
1609376400,2.7,2.73,2.7,2.72,23000,1284000000,2666105000,1585995000,101189000,1818922000,1080110000,5.53308823529412
1609722000,2.7,2.7,2.66,2.66,51900,NaN,NaN,NaN,NaN,NaN,NaN,NaN
1609808400,2.66,2.66,2.66,2.66,1000,NaN,NaN,NaN,NaN,NaN,NaN,NaN
1609894800,2.66,2.66,2.63,2.66,43000,NaN,NaN,NaN,NaN,NaN,NaN,NaN
1609981200,2.65,2.66,2.64,2.66,39400,NaN,NaN,NaN,NaN,NaN,NaN,NaN
1610067600,2.66,2.66,2.62,2.63,123100,NaN,NaN,NaN,NaN,NaN,NaN,NaN
1610326800,2.61,2.65,2.6,2.65,57100,NaN,NaN,NaN,NaN,NaN,NaN,NaN
1610413200,2.61,2.66,2.61,2.66,130500,NaN,NaN,NaN,NaN,NaN,NaN,NaN
1610499600,2.65,2.66,2.63,2.66,63900,NaN,NaN,NaN,NaN,NaN,NaN,NaN
1610586000,2.67,2.67,2.66,2.66,29900,NaN,NaN,NaN,NaN,NaN,NaN,NaN
1610672400,2.66,2.66,2.63,2.63,23900,NaN,NaN,NaN,NaN,NaN,NaN,NaN
1610931600,2.63,2.64,2.63,2.64,12000,NaN,NaN,NaN,NaN,NaN,NaN,NaN
1611018000,2.63,2.67,2.63,2.66,6100,NaN,NaN,NaN,NaN,NaN,NaN,NaN
1611104400,2.66,2.66,2.66,2.66,2000,NaN,NaN,NaN,NaN,NaN,NaN,NaN
1611190800,2.66,2.66,2.62,2.63,65200,NaN,NaN,NaN,NaN,NaN,NaN,NaN
1611277200,2.62,2.63,2.62,2.63,7700,NaN,NaN,NaN,NaN,NaN,NaN,NaN
1611536400,2.63,2.63,2.61,2.61,73600,NaN,NaN,NaN,NaN,NaN,NaN,NaN
1611622800,2.61,2.62,2.6,2.6,67400,NaN,NaN,NaN,NaN,NaN,NaN,NaN
1611709200,2.61,2.62,2.6,2.62,177900,NaN,NaN,NaN,NaN,NaN,NaN,NaN
1611882000,2.63,2.63,2.59,2.6,111500,NaN,NaN,NaN,NaN,NaN,NaN,NaN
1612227600,2.61,2.62,2.6,2.6,183500,NaN,NaN,NaN,NaN,NaN,NaN,NaN
1612314000,2.6,2.6,2.58,2.6,200800,NaN,NaN,NaN,NaN,NaN,NaN,NaN
1612400400,2.59,2.6,2.58,2.58,52500,NaN,NaN,NaN,NaN,NaN,NaN,NaN
1612486800,2.58,2.6,2.58,2.6,16000,NaN,NaN,NaN,NaN,NaN,NaN,NaN
1612746000,2.62,2.62,2.58,2.58,114800,NaN,NaN,NaN,NaN,NaN,NaN,NaN
1612832400,2.57,2.6,2.57,2.6,95400,NaN,NaN,NaN,NaN,NaN,NaN,NaN
1612918800,2.6,2.61,2.59,2.59,679900,NaN,NaN,NaN,NaN,NaN,NaN,NaN
1613005200,2.6,2.61,2.6,2.61,3500,NaN,NaN,NaN,NaN,NaN,NaN,NaN
1613350800,2.62,2.62,2.61,2.62,53600,NaN,NaN,NaN,NaN,NaN,NaN,NaN
1613437200,2.64,2.65,2.63,2.65,150200,NaN,NaN,NaN,NaN,NaN,NaN,NaN
1613523600,2.65,2.65,2.65,2.65,0,NaN,NaN,NaN,NaN,NaN,NaN,NaN
1613610000,2.65,2.66,2.61,2.66,40000,NaN,NaN,NaN,NaN,NaN,NaN,NaN
1613696400,2.66,2.66,2.62,2.64,16700,NaN,NaN,NaN,NaN,NaN,NaN,NaN
1613955600,2.67,2.67,2.62,2.65,13000,NaN,NaN,NaN,NaN,NaN,NaN,NaN
1614042000,2.65,2.66,2.63,2.65,55100,NaN,NaN,NaN,NaN,NaN,NaN,NaN
1614128400,2.63,2.65,2.63,2.65,11300,NaN,NaN,NaN,NaN,NaN,NaN,NaN
1614214800,2.65,2.65,2.64,2.65,29400,NaN,NaN,NaN,NaN,NaN,NaN,NaN
1614301200,2.65,2.65,2.63,2.63,36400,NaN,NaN,NaN,NaN,NaN,NaN,NaN
1614560400,2.67,2.7,2.65,2.66,37700,NaN,NaN,NaN,NaN,NaN,NaN,NaN
1614646800,2.67,2.71,2.67,2.71,166600,NaN,NaN,NaN,NaN,NaN,NaN,NaN
1614733200,2.71,2.72,2.71,2.71,59000,NaN,NaN,NaN,NaN,NaN,NaN,NaN
1614819600,2.72,2.72,2.7,2.71,7000,NaN,NaN,NaN,NaN,NaN,NaN,NaN
1614906000,2.71,2.71,2.7,2.71,30400,NaN,NaN,NaN,NaN,NaN,NaN,NaN
1615165200,2.72,2.73,2.72,2.72,34300,NaN,NaN,NaN,NaN,NaN,NaN,NaN
1615251600,2.73,2.73,2.65,2.68,308100,NaN,NaN,NaN,NaN,NaN,NaN,NaN
1615338000,2.7,2.72,2.7,2.71,41000,NaN,NaN,NaN,NaN,NaN,NaN,NaN
1615424400,2.73,2.73,2.71,2.72,98800,NaN,NaN,NaN,NaN,NaN,NaN,NaN
1615510800,2.67,2.69,2.66,2.66,61900,NaN,NaN,NaN,NaN,NaN,NaN,NaN
1615770000,2.66,2.66,2.63,2.64,211900,NaN,NaN,NaN,NaN,NaN,NaN,NaN
1615856400,2.64,2.66,2.63,2.65,102700,NaN,NaN,NaN,NaN,NaN,NaN,NaN
1615942800,2.64,2.66,2.63,2.66,55100,NaN,NaN,NaN,NaN,NaN,NaN,NaN
1616029200,2.66,2.69,2.66,2.69,290200,NaN,NaN,NaN,NaN,NaN,NaN,NaN
1616115600,2.68,2.68,2.64,2.66,126300,NaN,NaN,NaN,NaN,NaN,NaN,NaN
1616374800,2.69,2.69,2.65,2.65,8200,NaN,NaN,NaN,NaN,NaN,NaN,NaN
1616461200,2.65,2.65,2.63,2.63,53500,NaN,NaN,NaN,NaN,NaN,NaN,NaN
1616547600,2.63,2.63,2.63,2.63,16200,NaN,NaN,NaN,NaN,NaN,NaN,NaN
1616634000,2.63,2.69,2.63,2.69,32300,NaN,NaN,NaN,NaN,NaN,NaN,NaN
1616720400,2.64,2.68,2.64,2.64,6000,NaN,NaN,NaN,NaN,NaN,NaN,NaN
1616979600,2.68,2.68,2.64,2.64,60800,NaN,NaN,NaN,NaN,NaN,NaN,NaN
1617066000,2.65,2.66,2.64,2.64,40200,NaN,NaN,NaN,NaN,NaN,NaN,NaN
1617152400,2.69,2.69,2.65,2.68,92100,1284000000,2383082000,1385615000,72734000,1152682000,997467000,5.61567164179104
1617238800,2.68,2.71,2.68,2.68,128600,NaN,NaN,NaN,NaN,NaN,NaN,NaN
1617325200,2.68,2.71,2.68,2.69,74200,NaN,NaN,NaN,NaN,NaN,NaN,NaN
1617584400,2.7,2.7,2.66,2.69,152400,NaN,NaN,NaN,NaN,NaN,NaN,NaN
1617670800,2.68,2.7,2.65,2.7,449500,NaN,NaN,NaN,NaN,NaN,NaN,NaN
1617757200,2.7,2.7,2.69,2.7,348400,NaN,NaN,NaN,NaN,NaN,NaN,NaN
1617843600,2.7,2.71,2.69,2.7,526400,NaN,NaN,NaN,NaN,NaN,NaN,NaN
1617930000,2.7,2.72,2.7,2.72,57800,NaN,NaN,NaN,NaN,NaN,NaN,NaN
1618189200,2.72,2.73,2.72,2.72,77500,NaN,NaN,NaN,NaN,NaN,NaN,NaN
1618275600,2.73,2.76,2.71,2.75,157400,NaN,NaN,NaN,NaN,NaN,NaN,NaN
1618362000,2.75,2.75,2.72,2.75,70300,NaN,NaN,NaN,NaN,NaN,NaN,NaN
1618448400,2.75,2.75,2.71,2.72,58800,NaN,NaN,NaN,NaN,NaN,NaN,NaN
1618534800,2.72,2.76,2.71,2.76,21000,NaN,NaN,NaN,NaN,NaN,NaN,NaN
1618794000,2.76,2.76,2.72,2.72,90800,NaN,NaN,NaN,NaN,NaN,NaN,NaN
1618880400,2.72,2.73,2.71,2.73,48500,NaN,NaN,NaN,NaN,NaN,NaN,NaN
1618966800,2.75,2.75,2.73,2.74,60400,NaN,NaN,NaN,NaN,NaN,NaN,NaN
1619053200,2.75,2.75,2.72,2.74,74600,NaN,NaN,NaN,NaN,NaN,NaN,NaN
1619139600,2.74,2.74,2.72,2.74,74900,NaN,NaN,NaN,NaN,NaN,NaN,NaN
1619398800,2.73,2.73,2.7,2.7,289000,NaN,NaN,NaN,NaN,NaN,NaN,NaN
1619485200,2.7,2.75,2.7,2.71,134500,NaN,NaN,NaN,NaN,NaN,NaN,NaN
1619571600,2.71,2.71,2.7,2.7,77000,NaN,NaN,NaN,NaN,NaN,NaN,NaN
1619744400,2.71,2.72,2.7,2.72,26400,NaN,NaN,NaN,NaN,NaN,NaN,NaN
1620003600,2.73,2.73,2.71,2.72,133600,NaN,NaN,NaN,NaN,NaN,NaN,NaN
1620090000,2.7,2.72,2.7,2.72,122000,NaN,NaN,NaN,NaN,NaN,NaN,NaN
1620176400,2.72,2.72,2.7,2.71,96100,NaN,NaN,NaN,NaN,NaN,NaN,NaN
1620262800,2.73,2.73,2.7,2.71,144600,NaN,NaN,NaN,NaN,NaN,NaN,NaN
1620349200,2.73,2.73,2.71,2.71,63500,NaN,NaN,NaN,NaN,NaN,NaN,NaN
1620608400,2.73,2.73,2.71,2.72,33600,NaN,NaN,NaN,NaN,NaN,NaN,NaN
1620694800,2.72,2.72,2.7,2.71,68500,NaN,NaN,NaN,NaN,NaN,NaN,NaN
1620781200,2.74,2.74,2.7,2.71,83600,NaN,NaN,NaN,NaN,NaN,NaN,NaN
1621213200,2.7,2.71,2.68,2.69,98200,NaN,NaN,NaN,NaN,NaN,NaN,NaN
1621299600,2.7,2.72,2.7,2.7,74000,NaN,NaN,NaN,NaN,NaN,NaN,NaN
1621386000,2.7,2.72,2.7,2.7,41700,NaN,NaN,NaN,NaN,NaN,NaN,NaN
1621472400,2.72,2.72,2.7,2.7,33200,NaN,NaN,NaN,NaN,NaN,NaN,NaN
1621558800,2.69,2.7,2.68,2.69,25400,NaN,NaN,NaN,NaN,NaN,NaN,NaN
1621818000,2.71,2.71,2.7,2.7,19000,NaN,NaN,NaN,NaN,NaN,NaN,NaN
1621904400,2.7,2.72,2.7,2.72,120100,NaN,NaN,NaN,NaN,NaN,NaN,NaN
1622077200,2.72,2.72,2.71,2.72,276100,NaN,NaN,NaN,NaN,NaN,NaN,NaN
1622163600,2.72,2.73,2.72,2.72,366600,NaN,NaN,NaN,NaN,NaN,NaN,NaN
1622422800,2.7,2.71,2.7,2.71,25300,NaN,NaN,NaN,NaN,NaN,NaN,NaN
1622509200,2.71,2.72,2.71,2.72,8800,NaN,NaN,NaN,NaN,NaN,NaN,NaN
1622595600,2.73,2.74,2.72,2.72,69600,NaN,NaN,NaN,NaN,NaN,NaN,NaN
1622682000,2.74,2.74,2.71,2.72,68000,NaN,NaN,NaN,NaN,NaN,NaN,NaN
1622768400,2.74,2.75,2.73,2.74,46000,NaN,NaN,NaN,NaN,NaN,NaN,NaN
1623114000,2.74,2.74,2.71,2.71,77600,NaN,NaN,NaN,NaN,NaN,NaN,NaN
1623200400,2.74,2.75,2.72,2.74,62100,NaN,NaN,NaN,NaN,NaN,NaN,NaN
1623286800,2.74,2.74,2.73,2.74,10700,NaN,NaN,NaN,NaN,NaN,NaN,NaN
1623373200,2.72,2.75,2.72,2.75,68500,NaN,NaN,NaN,NaN,NaN,NaN,NaN
1623632400,2.75,2.75,2.73,2.74,43000,NaN,NaN,NaN,NaN,NaN,NaN,NaN
1623718800,2.73,2.75,2.73,2.75,8400,NaN,NaN,NaN,NaN,NaN,NaN,NaN
1623805200,2.75,2.75,2.74,2.74,11100,NaN,NaN,NaN,NaN,NaN,NaN,NaN
1623891600,2.74,2.74,2.74,2.74,37700,NaN,NaN,NaN,NaN,NaN,NaN,NaN
1623978000,2.75,2.75,2.74,2.74,8700,NaN,NaN,NaN,NaN,NaN,NaN,NaN
1624237200,2.74,2.74,2.72,2.72,95400,NaN,NaN,NaN,NaN,NaN,NaN,NaN
1624323600,2.75,2.77,2.73,2.74,37000,NaN,NaN,NaN,NaN,NaN,NaN,NaN
1624410000,2.74,2.75,2.74,2.75,36200,NaN,NaN,NaN,NaN,NaN,NaN,NaN
1624496400,2.75,2.76,2.74,2.76,71600,NaN,NaN,NaN,NaN,NaN,NaN,NaN
1624582800,2.76,2.76,2.74,2.74,29700,NaN,NaN,NaN,NaN,NaN,NaN,NaN
1624842000,2.74,2.74,2.72,2.74,93200,NaN,NaN,NaN,NaN,NaN,NaN,NaN
1624928400,2.76,2.76,2.74,2.75,72500,NaN,NaN,NaN,NaN,NaN,NaN,NaN
1625014800,2.72,2.72,2.66,2.67,86400,1284000000,2551227000,1491376000,84760000,1375292000,1059851000.0000001,5.84269662921348
1625101200,2.68,2.68,2.65,2.65,51700,NaN,NaN,NaN,NaN,NaN,NaN,NaN
1625187600,2.66,2.66,2.65,2.66,85400,NaN,NaN,NaN,NaN,NaN,NaN,NaN
1625446800,2.66,2.69,2.65,2.65,20900,NaN,NaN,NaN,NaN,NaN,NaN,NaN
1625533200,2.65,2.68,2.65,2.68,8300,NaN,NaN,NaN,NaN,NaN,NaN,NaN
1625619600,2.68,2.68,2.67,2.67,42100,NaN,NaN,NaN,NaN,NaN,NaN,NaN
1625706000,2.67,2.69,2.62,2.65,65500,NaN,NaN,NaN,NaN,NaN,NaN,NaN
1625792400,2.63,2.68,2.63,2.67,79600,NaN,NaN,NaN,NaN,NaN,NaN,NaN
1626051600,2.68,2.68,2.65,2.65,24800,NaN,NaN,NaN,NaN,NaN,NaN,NaN
1626138000,2.65,2.66,2.63,2.66,45300,NaN,NaN,NaN,NaN,NaN,NaN,NaN
1626224400,2.66,2.66,2.65,2.65,78800,NaN,NaN,NaN,NaN,NaN,NaN,NaN
1626310800,2.64,2.69,2.63,2.69,20700,NaN,NaN,NaN,NaN,NaN,NaN,NaN
1626397200,2.69,2.69,2.67,2.69,53000,NaN,NaN,NaN,NaN,NaN,NaN,NaN
1626656400,2.7,2.7,2.67,2.69,41200,NaN,NaN,NaN,NaN,NaN,NaN,NaN
1626829200,2.68,2.68,2.66,2.66,33600,NaN,NaN,NaN,NaN,NaN,NaN,NaN
1626915600,2.67,2.67,2.66,2.66,19800,NaN,NaN,NaN,NaN,NaN,NaN,NaN
1627002000,2.65,2.67,2.65,2.67,51600,NaN,NaN,NaN,NaN,NaN,NaN,NaN
1627261200,2.67,2.67,2.66,2.66,18100,NaN,NaN,NaN,NaN,NaN,NaN,NaN
1627347600,2.65,2.66,2.64,2.65,35400,NaN,NaN,NaN,NaN,NaN,NaN,NaN
1627434000,2.66,2.66,2.66,2.66,76100,NaN,NaN,NaN,NaN,NaN,NaN,NaN
1627520400,2.64,2.66,2.64,2.66,24400,NaN,NaN,NaN,NaN,NaN,NaN,NaN
1627606800,2.68,2.68,2.65,2.65,9400,NaN,NaN,NaN,NaN,NaN,NaN,NaN
1627866000,2.65,2.66,2.65,2.65,24800,NaN,NaN,NaN,NaN,NaN,NaN,NaN
1627952400,2.66,2.67,2.65,2.65,26500,NaN,NaN,NaN,NaN,NaN,NaN,NaN
1628038800,2.64,2.64,2.62,2.63,48600,NaN,NaN,NaN,NaN,NaN,NaN,NaN
1628125200,2.63,2.67,2.63,2.67,8200,NaN,NaN,NaN,NaN,NaN,NaN,NaN
1628211600,2.65,2.65,2.62,2.65,29300,NaN,NaN,NaN,NaN,NaN,NaN,NaN
1628470800,2.63,2.65,2.63,2.65,20000,NaN,NaN,NaN,NaN,NaN,NaN,NaN
1628643600,2.66,2.66,2.64,2.64,33100,NaN,NaN,NaN,NaN,NaN,NaN,NaN
1628730000,2.64,2.65,2.63,2.63,25400,NaN,NaN,NaN,NaN,NaN,NaN,NaN
1628816400,2.64,2.67,2.63,2.67,19200,NaN,NaN,NaN,NaN,NaN,NaN,NaN
1629075600,2.64,2.64,2.64,2.64,4200,NaN,NaN,NaN,NaN,NaN,NaN,NaN
1629162000,2.65,2.65,2.63,2.64,24600,NaN,NaN,NaN,NaN,NaN,NaN,NaN
1629248400,2.68,2.69,2.66,2.68,182200,NaN,NaN,NaN,NaN,NaN,NaN,NaN
1629334800,2.68,2.69,2.67,2.68,75600,NaN,NaN,NaN,NaN,NaN,NaN,NaN
1629421200,2.68,2.68,2.68,2.68,21100,NaN,NaN,NaN,NaN,NaN,NaN,NaN
1629680400,2.69,2.7,2.68,2.7,44800,NaN,NaN,NaN,NaN,NaN,NaN,NaN
1629766800,2.7,2.71,2.69,2.7,139100,NaN,NaN,NaN,NaN,NaN,NaN,NaN
1629853200,2.71,2.72,2.69,2.7,283700,NaN,NaN,NaN,NaN,NaN,NaN,NaN
1629939600,2.7,2.71,2.67,2.71,53700,NaN,NaN,NaN,NaN,NaN,NaN,NaN
1630026000,2.71,2.71,2.69,2.71,29400,NaN,NaN,NaN,NaN,NaN,NaN,NaN
1630285200,2.7,2.71,2.7,2.71,72800,NaN,NaN,NaN,NaN,NaN,NaN,NaN
1630458000,2.72,2.73,2.7,2.71,147400,NaN,NaN,NaN,NaN,NaN,NaN,NaN
1630544400,2.73,2.73,2.69,2.69,47700,NaN,NaN,NaN,NaN,NaN,NaN,NaN
1630630800,2.7,2.72,2.7,2.7,18900,NaN,NaN,NaN,NaN,NaN,NaN,NaN
1630890000,2.71,2.72,2.7,2.72,36000,NaN,NaN,NaN,NaN,NaN,NaN,NaN
1630976400,2.73,2.73,2.7,2.72,53100,NaN,NaN,NaN,NaN,NaN,NaN,NaN
1631062800,2.73,2.73,2.72,2.73,86300,NaN,NaN,NaN,NaN,NaN,NaN,NaN
1631149200,2.72,2.73,2.72,2.72,24000,NaN,NaN,NaN,NaN,NaN,NaN,NaN
1631235600,2.72,2.73,2.71,2.71,16100,NaN,NaN,NaN,NaN,NaN,NaN,NaN
1631494800,2.73,2.73,2.71,2.72,18700,NaN,NaN,NaN,NaN,NaN,NaN,NaN
1631581200,2.71,2.73,2.71,2.72,32400,NaN,NaN,NaN,NaN,NaN,NaN,NaN
1631667600,2.72,2.73,2.71,2.72,32000,NaN,NaN,NaN,NaN,NaN,NaN,NaN
1631840400,2.74,2.74,2.72,2.72,20600,NaN,NaN,NaN,NaN,NaN,NaN,NaN
1632099600,2.71,2.72,2.7,2.71,57300,NaN,NaN,NaN,NaN,NaN,NaN,NaN
1632186000,2.7,2.7,2.69,2.69,297100,NaN,NaN,NaN,NaN,NaN,NaN,NaN
1632272400,2.7,2.7,2.7,2.7,18000,NaN,NaN,NaN,NaN,NaN,NaN,NaN
1632358800,2.71,2.73,2.69,2.7,204200,NaN,NaN,NaN,NaN,NaN,NaN,NaN
1632445200,2.7,2.73,2.67,2.67,461000,NaN,NaN,NaN,NaN,NaN,NaN,NaN
1632704400,2.67,2.7,2.66,2.66,244800,NaN,NaN,NaN,NaN,NaN,NaN,NaN
1632790800,2.68,2.68,2.66,2.67,177000,NaN,NaN,NaN,NaN,NaN,NaN,NaN
1632877200,2.7,2.76,2.7,2.74,257500,NaN,NaN,NaN,NaN,NaN,NaN,NaN
1632963600,2.75,2.75,2.73,2.74,83300,1284000000,2616312000,1555901000,83415000,1383168000,1060411000,5.91240875912409
1633050000,2.71,2.71,2.67,2.67,115300,NaN,NaN,NaN,NaN,NaN,NaN,NaN
1633309200,2.67,2.69,2.66,2.66,150400,NaN,NaN,NaN,NaN,NaN,NaN,NaN
1633395600,2.7,2.7,2.67,2.68,39200,NaN,NaN,NaN,NaN,NaN,NaN,NaN
1633482000,2.67,2.69,2.67,2.69,54800,NaN,NaN,NaN,NaN,NaN,NaN,NaN
1633568400,2.69,2.69,2.68,2.69,38000,NaN,NaN,NaN,NaN,NaN,NaN,NaN
1633654800,2.69,2.7,2.67,2.7,38800,NaN,NaN,NaN,NaN,NaN,NaN,NaN
1633914000,2.7,2.7,2.68,2.68,23700,NaN,NaN,NaN,NaN,NaN,NaN,NaN
1634000400,2.7,2.8,2.7,2.73,389200,NaN,NaN,NaN,NaN,NaN,NaN,NaN
1634086800,2.73,2.75,2.71,2.72,61900,NaN,NaN,NaN,NaN,NaN,NaN,NaN
1634173200,2.72,2.72,2.7,2.7,42500,NaN,NaN,NaN,NaN,NaN,NaN,NaN
1634259600,2.71,2.73,2.7,2.73,331000,NaN,NaN,NaN,NaN,NaN,NaN,NaN
1634518800,2.73,2.73,2.73,2.73,22900,NaN,NaN,NaN,NaN,NaN,NaN,NaN
1634691600,2.73,2.73,2.71,2.73,53000,NaN,NaN,NaN,NaN,NaN,NaN,NaN
1634778000,2.73,2.73,2.7,2.72,36400,NaN,NaN,NaN,NaN,NaN,NaN,NaN
1634864400,2.72,2.75,2.7,2.74,119100,NaN,NaN,NaN,NaN,NaN,NaN,NaN
1635123600,2.74,2.74,2.73,2.73,30300,NaN,NaN,NaN,NaN,NaN,NaN,NaN
1635210000,2.71,2.75,2.71,2.71,156400,NaN,NaN,NaN,NaN,NaN,NaN,NaN
1635296400,2.71,2.71,2.7,2.7,26100,NaN,NaN,NaN,NaN,NaN,NaN,NaN
1635382800,2.7,2.72,2.7,2.7,34200,NaN,NaN,NaN,NaN,NaN,NaN,NaN
1635469200,2.7,2.73,2.7,2.71,24200,NaN,NaN,NaN,NaN,NaN,NaN,NaN
1635728400,2.69,2.7,2.67,2.68,77100,NaN,NaN,NaN,NaN,NaN,NaN,NaN
1635814800,2.68,2.69,2.68,2.68,33100,NaN,NaN,NaN,NaN,NaN,NaN,NaN
1635901200,2.68,2.68,2.67,2.67,78900,NaN,NaN,NaN,NaN,NaN,NaN,NaN
1636074000,2.68,2.68,2.67,2.67,42200,NaN,NaN,NaN,NaN,NaN,NaN,NaN
1636333200,2.67,2.68,2.67,2.68,8000,NaN,NaN,NaN,NaN,NaN,NaN,NaN
1636419600,2.67,2.67,2.66,2.67,30100,NaN,NaN,NaN,NaN,NaN,NaN,NaN
1636506000,2.66,2.67,2.66,2.66,23300,NaN,NaN,NaN,NaN,NaN,NaN,NaN
1636592400,2.66,2.67,2.66,2.66,8000,NaN,NaN,NaN,NaN,NaN,NaN,NaN
1636678800,2.66,2.68,2.66,2.68,44500,NaN,NaN,NaN,NaN,NaN,NaN,NaN
1636938000,2.68,2.69,2.66,2.69,75300,NaN,NaN,NaN,NaN,NaN,NaN,NaN
1637024400,2.68,2.68,2.68,2.68,1100,NaN,NaN,NaN,NaN,NaN,NaN,NaN
1637110800,2.68,2.68,2.66,2.66,9100,NaN,NaN,NaN,NaN,NaN,NaN,NaN
1637197200,2.66,2.7,2.63,2.65,79800,NaN,NaN,NaN,NaN,NaN,NaN,NaN
1637283600,2.65,2.69,2.65,2.69,18200,NaN,NaN,NaN,NaN,NaN,NaN,NaN
1637542800,2.69,2.73,2.68,2.68,58800,NaN,NaN,NaN,NaN,NaN,NaN,NaN
1637629200,2.68,2.68,2.63,2.65,116400,NaN,NaN,NaN,NaN,NaN,NaN,NaN
1637715600,2.65,2.66,2.64,2.66,31000,NaN,NaN,NaN,NaN,NaN,NaN,NaN
1637802000,2.66,2.66,2.63,2.65,67400,NaN,NaN,NaN,NaN,NaN,NaN,NaN
1637888400,2.65,2.65,2.64,2.65,57300,NaN,NaN,NaN,NaN,NaN,NaN,NaN
1638147600,2.65,2.65,2.62,2.65,102200,NaN,NaN,NaN,NaN,NaN,NaN,NaN
1638234000,2.65,2.7,2.64,2.65,34900,NaN,NaN,NaN,NaN,NaN,NaN,NaN
1638320400,2.63,2.63,2.62,2.63,8100,NaN,NaN,NaN,NaN,NaN,NaN,NaN
1638406800,2.63,2.67,2.63,2.67,42200,NaN,NaN,NaN,NaN,NaN,NaN,NaN
1638752400,2.65,2.65,2.62,2.62,65000,NaN,NaN,NaN,NaN,NaN,NaN,NaN
1638838800,2.62,2.62,2.62,2.62,17800,NaN,NaN,NaN,NaN,NaN,NaN,NaN
1638925200,2.63,2.64,2.63,2.64,19900,NaN,NaN,NaN,NaN,NaN,NaN,NaN
1639011600,2.62,2.62,2.62,2.62,3200,NaN,NaN,NaN,NaN,NaN,NaN,NaN
1639098000,2.64,2.64,2.62,2.64,3100,NaN,NaN,NaN,NaN,NaN,NaN,NaN
1639357200,2.63,2.64,2.63,2.64,20700,NaN,NaN,NaN,NaN,NaN,NaN,NaN
1639443600,2.62,2.63,2.62,2.63,6400,NaN,NaN,NaN,NaN,NaN,NaN,NaN
1639530000,2.63,2.63,2.61,2.62,40200,NaN,NaN,NaN,NaN,NaN,NaN,NaN
1639616400,2.61,2.62,2.61,2.62,6400,NaN,NaN,NaN,NaN,NaN,NaN,NaN
1639702800,2.63,2.63,2.61,2.62,37500,NaN,NaN,NaN,NaN,NaN,NaN,NaN
1639962000,2.61,2.64,2.61,2.63,5500,NaN,NaN,NaN,NaN,NaN,NaN,NaN
1640048400,2.63,2.65,2.63,2.65,6300,NaN,NaN,NaN,NaN,NaN,NaN,NaN
1640134800,2.65,2.65,2.62,2.62,2500,NaN,NaN,NaN,NaN,NaN,NaN,NaN
1640221200,2.62,2.64,2.62,2.64,8200,NaN,NaN,NaN,NaN,NaN,NaN,NaN
1640307600,2.64,2.65,2.64,2.65,4400,NaN,NaN,NaN,NaN,NaN,NaN,NaN
1640566800,2.64,2.65,2.64,2.65,36700,NaN,NaN,NaN,NaN,NaN,NaN,NaN
1640653200,2.65,2.67,2.65,2.65,56100,NaN,NaN,NaN,NaN,NaN,NaN,NaN
1640739600,2.65,2.66,2.64,2.66,12000,NaN,NaN,NaN,NaN,NaN,NaN,NaN
1640826000,2.65,2.66,2.65,2.66,31500,NaN,NaN,NaN,NaN,NaN,NaN,NaN
1640912400,2.65,2.65,2.65,2.65,7100,1284000000,2880141000,1750095000,95856000,1940458000,1130046000,6.66792452830189
1641171600,2.64,2.66,2.64,2.64,13700,NaN,NaN,NaN,NaN,NaN,NaN,NaN
1641258000,2.69,2.69,2.69,2.69,500,NaN,NaN,NaN,NaN,NaN,NaN,NaN
1641344400,2.69,2.69,2.68,2.68,28700,NaN,NaN,NaN,NaN,NaN,NaN,NaN
1641430800,2.68,2.69,2.68,2.68,11300,NaN,NaN,NaN,NaN,NaN,NaN,NaN
1641517200,2.69,2.69,2.68,2.69,24000,NaN,NaN,NaN,NaN,NaN,NaN,NaN
1641776400,2.7,2.7,2.67,2.68,39600,NaN,NaN,NaN,NaN,NaN,NaN,NaN
1641862800,2.68,2.69,2.68,2.68,85700,NaN,NaN,NaN,NaN,NaN,NaN,NaN
1641949200,2.68,2.69,2.67,2.67,66000,NaN,NaN,NaN,NaN,NaN,NaN,NaN
1642035600,2.69,2.7,2.67,2.67,79100,NaN,NaN,NaN,NaN,NaN,NaN,NaN
1642122000,2.68,2.69,2.68,2.68,15000,NaN,NaN,NaN,NaN,NaN,NaN,NaN
1642381200,2.69,2.69,2.67,2.67,12600,NaN,NaN,NaN,NaN,NaN,NaN,NaN
1642554000,2.67,2.67,2.65,2.67,80900,NaN,NaN,NaN,NaN,NaN,NaN,NaN
1642640400,2.67,2.68,2.65,2.65,91300,NaN,NaN,NaN,NaN,NaN,NaN,NaN
1642726800,2.66,2.66,2.63,2.63,145900,NaN,NaN,NaN,NaN,NaN,NaN,NaN
1642986000,2.65,2.65,2.64,2.64,10300,NaN,NaN,NaN,NaN,NaN,NaN,NaN
1643072400,2.64,2.66,2.64,2.64,33200,NaN,NaN,NaN,NaN,NaN,NaN,NaN
1643158800,2.69,2.69,2.64,2.64,96400,NaN,NaN,NaN,NaN,NaN,NaN,NaN
1643245200,2.64,2.64,2.64,2.64,0,NaN,NaN,NaN,NaN,NaN,NaN,NaN
1643331600,2.65,2.69,2.65,2.67,16600,NaN,NaN,NaN,NaN,NaN,NaN,NaN
1643590800,2.67,2.68,2.67,2.68,27700,NaN,NaN,NaN,NaN,NaN,NaN,NaN
1643850000,2.68,2.69,2.68,2.69,22300,NaN,NaN,NaN,NaN,NaN,NaN,NaN
1643936400,2.69,2.69,2.68,2.68,53900,NaN,NaN,NaN,NaN,NaN,NaN,NaN
1644195600,2.68,2.69,2.67,2.68,57400,NaN,NaN,NaN,NaN,NaN,NaN,NaN
1644282000,2.68,2.7,2.67,2.67,79500,NaN,NaN,NaN,NaN,NaN,NaN,NaN
1644368400,2.68,2.68,2.67,2.67,90000,NaN,NaN,NaN,NaN,NaN,NaN,NaN
1644454800,2.7,2.7,2.67,2.67,90700,NaN,NaN,NaN,NaN,NaN,NaN,NaN
1644541200,2.67,2.68,2.66,2.67,74800,NaN,NaN,NaN,NaN,NaN,NaN,NaN
1644800400,2.67,2.68,2.67,2.67,75300,NaN,NaN,NaN,NaN,NaN,NaN,NaN
1644886800,2.68,2.68,2.66,2.66,87100,NaN,NaN,NaN,NaN,NaN,NaN,NaN
1644973200,2.67,2.7,2.67,2.69,70000,NaN,NaN,NaN,NaN,NaN,NaN,NaN
1645059600,2.7,2.74,2.7,2.7,580100,NaN,NaN,NaN,NaN,NaN,NaN,NaN
1645146000,2.73,2.73,2.71,2.71,168900,NaN,NaN,NaN,NaN,NaN,NaN,NaN
1645405200,2.71,2.75,2.71,2.75,142000,NaN,NaN,NaN,NaN,NaN,NaN,NaN
1645491600,2.75,2.75,2.7,2.71,203200,NaN,NaN,NaN,NaN,NaN,NaN,NaN
1645578000,2.71,2.76,2.71,2.76,317300,NaN,NaN,NaN,NaN,NaN,NaN,NaN
1645664400,2.73,2.74,2.72,2.74,116100,NaN,NaN,NaN,NaN,NaN,NaN,NaN
1645750800,2.75,2.76,2.74,2.76,60800,NaN,NaN,NaN,NaN,NaN,NaN,NaN
1646010000,2.75,2.75,2.73,2.74,32300,NaN,NaN,NaN,NaN,NaN,NaN,NaN
1646096400,2.75,2.75,2.74,2.74,66700,NaN,NaN,NaN,NaN,NaN,NaN,NaN
1646182800,2.69,2.69,2.66,2.67,105300,NaN,NaN,NaN,NaN,NaN,NaN,NaN
1646269200,2.65,2.67,2.64,2.64,131600,NaN,NaN,NaN,NaN,NaN,NaN,NaN
1646355600,2.66,2.66,2.65,2.65,23800,NaN,NaN,NaN,NaN,NaN,NaN,NaN
1646614800,2.68,2.68,2.63,2.63,222900,NaN,NaN,NaN,NaN,NaN,NaN,NaN
1646701200,2.62,2.64,2.62,2.63,200900,NaN,NaN,NaN,NaN,NaN,NaN,NaN
1646787600,2.63,2.66,2.63,2.66,81400,NaN,NaN,NaN,NaN,NaN,NaN,NaN
1646874000,2.65,2.66,2.64,2.64,43900,NaN,NaN,NaN,NaN,NaN,NaN,NaN
1646960400,2.64,2.66,2.64,2.66,51300,NaN,NaN,NaN,NaN,NaN,NaN,NaN
1647219600,2.66,2.66,2.64,2.65,28700,NaN,NaN,NaN,NaN,NaN,NaN,NaN
1647306000,2.64,2.65,2.63,2.65,28400,NaN,NaN,NaN,NaN,NaN,NaN,NaN
1647392400,2.65,2.66,2.65,2.66,38000,NaN,NaN,NaN,NaN,NaN,NaN,NaN
1647478800,2.67,2.67,2.66,2.67,15600,NaN,NaN,NaN,NaN,NaN,NaN,NaN
1647565200,2.7,2.74,2.7,2.74,371100,NaN,NaN,NaN,NaN,NaN,NaN,NaN
1647824400,2.74,2.74,2.72,2.72,7700,NaN,NaN,NaN,NaN,NaN,NaN,NaN
1647910800,2.72,2.72,2.71,2.71,88000,NaN,NaN,NaN,NaN,NaN,NaN,NaN
1647997200,2.72,2.74,2.72,2.73,330100,NaN,NaN,NaN,NaN,NaN,NaN,NaN
1648083600,2.74,2.74,2.72,2.72,89500,NaN,NaN,NaN,NaN,NaN,NaN,NaN
1648170000,2.72,2.74,2.72,2.72,81300,NaN,NaN,NaN,NaN,NaN,NaN,NaN
1648429200,2.74,2.74,2.71,2.71,105300,NaN,NaN,NaN,NaN,NaN,NaN,NaN
1648515600,2.71,2.72,2.71,2.71,70200,NaN,NaN,NaN,NaN,NaN,NaN,NaN
1648602000,2.73,2.74,2.72,2.72,79500,NaN,NaN,NaN,NaN,NaN,NaN,NaN
1648688400,2.72,2.74,2.71,2.71,156600,1284000000,3031346000,1975348000,119939000,1784153000,1055998000,6.52029520295203
1648774800,2.73,2.74,2.73,2.74,28300,NaN,NaN,NaN,NaN,NaN,NaN,NaN
1649034000,2.74,2.74,2.73,2.74,43400,NaN,NaN,NaN,NaN,NaN,NaN,NaN
1649120400,2.73,2.74,2.72,2.72,86100,NaN,NaN,NaN,NaN,NaN,NaN,NaN
1649206800,2.74,2.76,2.71,2.72,982200,NaN,NaN,NaN,NaN,NaN,NaN,NaN
1649293200,2.74,2.76,2.73,2.75,551200,NaN,NaN,NaN,NaN,NaN,NaN,NaN
1649379600,2.73,2.76,2.72,2.72,83200,NaN,NaN,NaN,NaN,NaN,NaN,NaN
1649638800,2.74,2.74,2.72,2.73,97500,NaN,NaN,NaN,NaN,NaN,NaN,NaN
1649725200,2.74,2.75,2.73,2.74,212600,NaN,NaN,NaN,NaN,NaN,NaN,NaN
1649811600,2.73,2.76,2.73,2.75,91200,NaN,NaN,NaN,NaN,NaN,NaN,NaN
1649898000,2.75,2.76,2.74,2.76,22700,NaN,NaN,NaN,NaN,NaN,NaN,NaN
1649984400,2.75,2.76,2.75,2.76,167000,NaN,NaN,NaN,NaN,NaN,NaN,NaN
1650243600,2.77,2.79,2.77,2.78,151000,NaN,NaN,NaN,NaN,NaN,NaN,NaN
1650416400,2.78,2.79,2.75,2.79,322400,NaN,NaN,NaN,NaN,NaN,NaN,NaN
1650502800,2.78,2.78,2.75,2.78,354300,NaN,NaN,NaN,NaN,NaN,NaN,NaN
1650589200,2.76,2.77,2.74,2.77,311100,NaN,NaN,NaN,NaN,NaN,NaN,NaN
1650848400,2.76,2.77,2.76,2.77,11500,NaN,NaN,NaN,NaN,NaN,NaN,NaN
1650934800,2.76,2.77,2.74,2.74,317200,NaN,NaN,NaN,NaN,NaN,NaN,NaN
1651021200,2.74,2.78,2.74,2.75,70900,NaN,NaN,NaN,NaN,NaN,NaN,NaN
1651107600,2.75,2.75,2.74,2.74,124100,NaN,NaN,NaN,NaN,NaN,NaN,NaN
1651194000,2.75,2.76,2.75,2.75,15600,NaN,NaN,NaN,NaN,NaN,NaN,NaN
1651712400,2.78,2.78,2.75,2.76,40800,NaN,NaN,NaN,NaN,NaN,NaN,NaN
1651798800,2.76,2.78,2.75,2.77,116000,NaN,NaN,NaN,NaN,NaN,NaN,NaN
1652058000,2.77,2.77,2.75,2.76,52100,NaN,NaN,NaN,NaN,NaN,NaN,NaN
1652144400,2.76,2.76,2.75,2.75,1500,NaN,NaN,NaN,NaN,NaN,NaN,NaN
1652230800,2.75,2.76,2.75,2.76,20200,NaN,NaN,NaN,NaN,NaN,NaN,NaN
1652317200,2.76,2.76,2.74,2.75,170600,NaN,NaN,NaN,NaN,NaN,NaN,NaN
1652403600,2.8,3,2.8,2.99,1988400,NaN,NaN,NaN,NaN,NaN,NaN,NaN
1652749200,3.02,3.15,2.95,2.99,2004400,NaN,NaN,NaN,NaN,NaN,NaN,NaN
1652835600,3.07,3.19,3.02,3.05,1668400,NaN,NaN,NaN,NaN,NaN,NaN,NaN
1652922000,3.05,3.16,3.04,3.15,3694400,NaN,NaN,NaN,NaN,NaN,NaN,NaN
1653008400,3.18,3.3,3.08,3.1,3536600,NaN,NaN,NaN,NaN,NaN,NaN,NaN
1653267600,3.15,3.22,3,3.02,3560900,NaN,NaN,NaN,NaN,NaN,NaN,NaN
1653354000,3.05,3.09,3.04,3.05,1701300,NaN,NaN,NaN,NaN,NaN,NaN,NaN
1653440400,3.05,3.09,3.04,3.05,425400,NaN,NaN,NaN,NaN,NaN,NaN,NaN
1653526800,3.06,3.07,2.96,2.97,3016900,NaN,NaN,NaN,NaN,NaN,NaN,NaN
1653613200,2.97,3.02,2.96,2.97,968500,NaN,NaN,NaN,NaN,NaN,NaN,NaN
1653872400,2.98,3.04,2.98,2.99,749600,NaN,NaN,NaN,NaN,NaN,NaN,NaN
1653958800,2.99,3.02,2.99,3.01,1456000,NaN,NaN,NaN,NaN,NaN,NaN,NaN
1654045200,3.02,3.17,3.01,3.11,2433100,NaN,NaN,NaN,NaN,NaN,NaN,NaN
1654131600,3.12,3.14,3.06,3.09,621500,NaN,NaN,NaN,NaN,NaN,NaN,NaN
1654218000,3.09,3.1,3.06,3.07,861800,NaN,NaN,NaN,NaN,NaN,NaN,NaN
1654563600,3.09,3.16,3.09,3.11,990800,NaN,NaN,NaN,NaN,NaN,NaN,NaN
1654650000,3.11,3.14,3.1,3.11,389400,NaN,NaN,NaN,NaN,NaN,NaN,NaN
1654736400,3.11,3.12,3.1,3.11,186500,NaN,NaN,NaN,NaN,NaN,NaN,NaN
1654822800,3.1,3.1,3.02,3.03,907400,NaN,NaN,NaN,NaN,NaN,NaN,NaN
1655082000,3,3.04,2.98,3.03,2243500,NaN,NaN,NaN,NaN,NaN,NaN,NaN
1655168400,3,3.1,3,3.07,1955200,NaN,NaN,NaN,NaN,NaN,NaN,NaN
1655254800,3.08,3.08,3.01,3.03,308000,NaN,NaN,NaN,NaN,NaN,NaN,NaN
1655341200,3.03,3.07,3.02,3.03,359000,NaN,NaN,NaN,NaN,NaN,NaN,NaN
1655427600,3.03,3.03,2.97,3.01,1640200,NaN,NaN,NaN,NaN,NaN,NaN,NaN
1655686800,3.01,3.04,3,3.01,566200,NaN,NaN,NaN,NaN,NaN,NaN,NaN
1655773200,3.01,3.16,3.01,3.04,1323000,NaN,NaN,NaN,NaN,NaN,NaN,NaN
1655859600,3.04,3.1,3.04,3.06,701300,NaN,NaN,NaN,NaN,NaN,NaN,NaN
1655946000,3.06,3.06,3.01,3.02,264900,NaN,NaN,NaN,NaN,NaN,NaN,NaN
1656032400,3.04,3.08,3.02,3.06,202500,NaN,NaN,NaN,NaN,NaN,NaN,NaN
1656291600,3.07,3.08,3.03,3.03,426600,NaN,NaN,NaN,NaN,NaN,NaN,NaN
1656378000,3.03,3.07,3.02,3.05,150100,NaN,NaN,NaN,NaN,NaN,NaN,NaN
1656464400,3.06,3.06,3.01,3.03,358000,NaN,NaN,NaN,NaN,NaN,NaN,NaN
1656550800,3.01,3.02,2.96,3.01,733600,1284000000,2891778000,1727889000,142280000,1777111000,1163889000,6.2358803986711
1656637200,3.01,3.02,2.93,3.01,861100,NaN,NaN,NaN,NaN,NaN,NaN,NaN
1656896400,3.01,3.01,2.88,2.88,412300,NaN,NaN,NaN,NaN,NaN,NaN,NaN
1656982800,2.9,2.94,2.87,2.91,1081100,NaN,NaN,NaN,NaN,NaN,NaN,NaN
1657069200,2.95,2.96,2.9,2.91,720000,NaN,NaN,NaN,NaN,NaN,NaN,NaN
1657155600,2.91,3,2.91,2.95,245600,NaN,NaN,NaN,NaN,NaN,NaN,NaN
1657242000,2.97,3.03,2.97,3.01,391800,NaN,NaN,NaN,NaN,NaN,NaN,NaN
1657587600,3.02,3.02,2.98,3,226000,NaN,NaN,NaN,NaN,NaN,NaN,NaN
1657674000,3,3.1,2.97,3.09,686900,NaN,NaN,NaN,NaN,NaN,NaN,NaN
1657760400,3.1,3.14,3.1,3.1,1468100,NaN,NaN,NaN,NaN,NaN,NaN,NaN
1657846800,3.09,3.1,3.06,3.09,510000,NaN,NaN,NaN,NaN,NaN,NaN,NaN
1658106000,3.08,3.15,3.06,3.13,599000,NaN,NaN,NaN,NaN,NaN,NaN,NaN
1658192400,3.14,3.14,3.1,3.12,160500,NaN,NaN,NaN,NaN,NaN,NaN,NaN
1658278800,3.13,3.14,3.09,3.11,157500,NaN,NaN,NaN,NaN,NaN,NaN,NaN
1658365200,3.08,3.17,3.08,3.14,328900,NaN,NaN,NaN,NaN,NaN,NaN,NaN
1658451600,3.16,3.21,3.13,3.19,954000,NaN,NaN,NaN,NaN,NaN,NaN,NaN
1658710800,3.19,3.25,3.17,3.21,526900,NaN,NaN,NaN,NaN,NaN,NaN,NaN
1658797200,3.2,3.34,3.2,3.3,1106100,NaN,NaN,NaN,NaN,NaN,NaN,NaN
1658883600,3.32,3.35,3.22,3.3,1439700,NaN,NaN,NaN,NaN,NaN,NaN,NaN
1658970000,3.3,3.4,3.29,3.29,1491000,NaN,NaN,NaN,NaN,NaN,NaN,NaN
1659056400,3.28,3.33,3.22,3.27,1133200,NaN,NaN,NaN,NaN,NaN,NaN,NaN
1659315600,3.27,3.35,3.27,3.32,1433100,NaN,NaN,NaN,NaN,NaN,NaN,NaN
1659402000,3.28,3.31,3.28,3.3,792500,NaN,NaN,NaN,NaN,NaN,NaN,NaN
1659488400,3.3,3.3,3.26,3.3,1971800,NaN,NaN,NaN,NaN,NaN,NaN,NaN
1659574800,3.31,3.37,3.27,3.3,2353000,NaN,NaN,NaN,NaN,NaN,NaN,NaN
1659661200,3.28,3.3,3.25,3.26,440700,NaN,NaN,NaN,NaN,NaN,NaN,NaN
1659920400,3.25,3.31,3.12,3.26,457900,NaN,NaN,NaN,NaN,NaN,NaN,NaN
1660006800,3.26,3.26,3.17,3.2,850600,NaN,NaN,NaN,NaN,NaN,NaN,NaN
1660093200,3.2,3.26,3.19,3.2,2161600,NaN,NaN,NaN,NaN,NaN,NaN,NaN
1660179600,3.2,3.23,3.19,3.2,1331300,NaN,NaN,NaN,NaN,NaN,NaN,NaN
1660266000,3.2,3.2,3.18,3.2,1146200,NaN,NaN,NaN,NaN,NaN,NaN,NaN
1660525200,3.2,3.28,3.2,3.2,2008400,NaN,NaN,NaN,NaN,NaN,NaN,NaN
1660611600,3.2,3.26,3.2,3.24,1754300,NaN,NaN,NaN,NaN,NaN,NaN,NaN
1660698000,3.3,3.32,3.25,3.27,2222600,NaN,NaN,NaN,NaN,NaN,NaN,NaN
1660784400,3.3,3.34,3.23,3.25,948000,NaN,NaN,NaN,NaN,NaN,NaN,NaN
1660870800,3.35,3.45,3.35,3.4,3477900,NaN,NaN,NaN,NaN,NaN,NaN,NaN
1661130000,3.4,3.56,3.4,3.41,2034800,NaN,NaN,NaN,NaN,NaN,NaN,NaN
1661216400,3.38,3.47,3.38,3.45,1230900,NaN,NaN,NaN,NaN,NaN,NaN,NaN
1661302800,3.4,3.47,3.4,3.43,2157700,NaN,NaN,NaN,NaN,NaN,NaN,NaN
1661389200,3.43,3.46,3.4,3.42,664600,NaN,NaN,NaN,NaN,NaN,NaN,NaN
1661475600,3.38,3.45,3.38,3.42,1621600,NaN,NaN,NaN,NaN,NaN,NaN,NaN
1661734800,3.41,3.42,3.39,3.4,1466800,NaN,NaN,NaN,NaN,NaN,NaN,NaN
1661821200,3.39,3.46,3.39,3.42,5332700,NaN,NaN,NaN,NaN,NaN,NaN,NaN
1661994000,3.4,3.44,3.37,3.37,1855800,NaN,NaN,NaN,NaN,NaN,NaN,NaN
1662080400,3.36,3.45,3.36,3.41,939200,NaN,NaN,NaN,NaN,NaN,NaN,NaN
1662339600,3.44,3.65,3.44,3.54,6773100,NaN,NaN,NaN,NaN,NaN,NaN,NaN
1662426000,3.54,3.6,3.51,3.55,2167100,NaN,NaN,NaN,NaN,NaN,NaN,NaN
1662512400,3.55,3.6,3.5,3.55,3361300,NaN,NaN,NaN,NaN,NaN,NaN,NaN
1662598800,3.55,3.55,3.46,3.49,2839400,NaN,NaN,NaN,NaN,NaN,NaN,NaN
1662685200,3.47,3.51,3.47,3.5,2963500,NaN,NaN,NaN,NaN,NaN,NaN,NaN
1662944400,3.5,3.58,3.5,3.53,1723400,NaN,NaN,NaN,NaN,NaN,NaN,NaN
1663030800,3.53,3.53,3.49,3.5,2922500,NaN,NaN,NaN,NaN,NaN,NaN,NaN
1663117200,3.44,3.51,3.44,3.49,1177400,NaN,NaN,NaN,NaN,NaN,NaN,NaN
1663203600,3.5,3.54,3.48,3.53,2811900,NaN,NaN,NaN,NaN,NaN,NaN,NaN
1663549200,3.52,3.52,3.48,3.5,1878200,NaN,NaN,NaN,NaN,NaN,NaN,NaN
1663635600,3.49,3.54,3.48,3.48,2234100,NaN,NaN,NaN,NaN,NaN,NaN,NaN
1663722000,3.46,3.47,3.43,3.43,1377600,NaN,NaN,NaN,NaN,NaN,NaN,NaN
1663808400,3.4,3.43,3.38,3.43,1276200,NaN,NaN,NaN,NaN,NaN,NaN,NaN
1663894800,3.38,3.42,3.38,3.41,112400,NaN,NaN,NaN,NaN,NaN,NaN,NaN
1664154000,3.4,3.4,3.31,3.35,1145200,NaN,NaN,NaN,NaN,NaN,NaN,NaN
1664240400,3.35,3.35,3.26,3.28,953900,NaN,NaN,NaN,NaN,NaN,NaN,NaN
1664326800,3.27,3.31,3.2,3.28,1181300,NaN,NaN,NaN,NaN,NaN,NaN,NaN
1664413200,3.29,3.33,3.25,3.25,1037700,NaN,NaN,NaN,NaN,NaN,NaN,NaN
1664499600,3.25,3.27,3.2,3.25,1459200,1284000000,2982198000,1799195000,135723000,1864831000,1183003000,6.46461538461539
1664758800,3.25,3.35,3.25,3.32,553400,NaN,NaN,NaN,NaN,NaN,NaN,NaN
1664845200,3.33,3.38,3.32,3.35,376400,NaN,NaN,NaN,NaN,NaN,NaN,NaN
1664931600,3.35,3.37,3.35,3.37,641300,NaN,NaN,NaN,NaN,NaN,NaN,NaN
1665018000,3.33,3.33,3.23,3.29,519200,NaN,NaN,NaN,NaN,NaN,NaN,NaN
1665104400,3.29,3.31,3.25,3.27,1225200,NaN,NaN,NaN,NaN,NaN,NaN,NaN
1665450000,3.27,3.28,3.19,3.24,600000,NaN,NaN,NaN,NaN,NaN,NaN,NaN
1665536400,3.2,3.25,3.2,3.25,72000,NaN,NaN,NaN,NaN,NaN,NaN,NaN
1665622800,3.25,3.37,3.21,3.3,1177000,NaN,NaN,NaN,NaN,NaN,NaN,NaN
1665709200,3.32,3.37,3.27,3.35,1814100,NaN,NaN,NaN,NaN,NaN,NaN,NaN
1665968400,3.36,3.36,3.3,3.33,731700,NaN,NaN,NaN,NaN,NaN,NaN,NaN
1666054800,3.32,3.34,3.3,3.33,121500,NaN,NaN,NaN,NaN,NaN,NaN,NaN
1666141200,3.37,3.37,3.3,3.33,439900,NaN,NaN,NaN,NaN,NaN,NaN,NaN
1666227600,3.35,3.35,3.31,3.33,588900,NaN,NaN,NaN,NaN,NaN,NaN,NaN
1666314000,3.33,3.38,3.33,3.33,2174000,NaN,NaN,NaN,NaN,NaN,NaN,NaN
1666659600,3.32,3.32,3.22,3.23,1888200,NaN,NaN,NaN,NaN,NaN,NaN,NaN
1666746000,3.23,3.24,3.21,3.23,1000900,NaN,NaN,NaN,NaN,NaN,NaN,NaN
1666832400,3.24,3.31,3.23,3.28,362900,NaN,NaN,NaN,NaN,NaN,NaN,NaN
1666918800,3.28,3.41,3.28,3.41,731900,NaN,NaN,NaN,NaN,NaN,NaN,NaN
1667178000,3.4,3.42,3.34,3.37,682200,NaN,NaN,NaN,NaN,NaN,NaN,NaN
1667264400,3.37,3.37,3.32,3.33,524700,NaN,NaN,NaN,NaN,NaN,NaN,NaN
1667350800,3.33,3.34,3.32,3.32,1173400,NaN,NaN,NaN,NaN,NaN,NaN,NaN
1667437200,3.31,3.36,3.27,3.33,890100,NaN,NaN,NaN,NaN,NaN,NaN,NaN
1667523600,3.34,3.34,3.3,3.33,351200,NaN,NaN,NaN,NaN,NaN,NaN,NaN
1667782800,3.33,3.33,3.29,3.3,416600,NaN,NaN,NaN,NaN,NaN,NaN,NaN
1667869200,3.3,3.34,3.29,3.3,1139900,NaN,NaN,NaN,NaN,NaN,NaN,NaN
1667955600,3.3,3.32,3.28,3.29,617400,NaN,NaN,NaN,NaN,NaN,NaN,NaN
1668042000,3.32,3.39,3.31,3.39,1041600,NaN,NaN,NaN,NaN,NaN,NaN,NaN
1668128400,3.39,3.4,3.32,3.33,219700,NaN,NaN,NaN,NaN,NaN,NaN,NaN
1668387600,3.3,3.36,3.3,3.35,1626200,NaN,NaN,NaN,NaN,NaN,NaN,NaN
1668474000,3.35,3.36,3.34,3.35,1116900,NaN,NaN,NaN,NaN,NaN,NaN,NaN
1668560400,3.35,3.4,3.34,3.38,741500,NaN,NaN,NaN,NaN,NaN,NaN,NaN
1668646800,3.38,3.45,3.38,3.4,791500,NaN,NaN,NaN,NaN,NaN,NaN,NaN
1668992400,3.26,3.36,3.26,3.32,692200,NaN,NaN,NaN,NaN,NaN,NaN,NaN
1669078800,3.3,3.39,3.3,3.35,1435200,NaN,NaN,NaN,NaN,NaN,NaN,NaN
1669165200,3.35,3.45,3.35,3.44,3038000,NaN,NaN,NaN,NaN,NaN,NaN,NaN
1669251600,3.45,3.45,3.39,3.39,284700,NaN,NaN,NaN,NaN,NaN,NaN,NaN
1669338000,3.39,3.39,3.29,3.35,402800,NaN,NaN,NaN,NaN,NaN,NaN,NaN
1669683600,3.36,3.38,3.31,3.35,207600,NaN,NaN,NaN,NaN,NaN,NaN,NaN
1669770000,3.32,3.35,3.31,3.35,935000,NaN,NaN,NaN,NaN,NaN,NaN,NaN
1669856400,3.37,3.37,3.3,3.33,1923100,NaN,NaN,NaN,NaN,NaN,NaN,NaN
1669942800,3.33,3.36,3.27,3.29,390200,NaN,NaN,NaN,NaN,NaN,NaN,NaN
1670202000,3.29,3.35,3.29,3.32,743200,NaN,NaN,NaN,NaN,NaN,NaN,NaN
1670288400,3.32,3.38,3.32,3.35,1219700,NaN,NaN,NaN,NaN,NaN,NaN,NaN
1670374800,3.34,3.35,3.3,3.3,567700,NaN,NaN,NaN,NaN,NaN,NaN,NaN
1670461200,3.35,3.35,3.31,3.34,235400,NaN,NaN,NaN,NaN,NaN,NaN,NaN
1670547600,3.31,3.34,3.31,3.34,83800,NaN,NaN,NaN,NaN,NaN,NaN,NaN
1670806800,3.33,3.34,3.26,3.28,190300,NaN,NaN,NaN,NaN,NaN,NaN,NaN
1670893200,3.28,3.34,3.27,3.33,340500,NaN,NaN,NaN,NaN,NaN,NaN,NaN
1670979600,3.31,3.34,3.29,3.31,1139500,NaN,NaN,NaN,NaN,NaN,NaN,NaN
1671066000,3.3,3.33,3.27,3.33,867200,NaN,NaN,NaN,NaN,NaN,NaN,NaN
1671152400,3.3,3.33,3.3,3.33,108200,NaN,NaN,NaN,NaN,NaN,NaN,NaN
1671411600,3.3,3.3,3.22,3.25,613100,NaN,NaN,NaN,NaN,NaN,NaN,NaN
1671498000,3.23,3.29,3.23,3.28,1226200,NaN,NaN,NaN,NaN,NaN,NaN,NaN
1671584400,3.26,3.27,3.23,3.27,823300,NaN,NaN,NaN,NaN,NaN,NaN,NaN
1671670800,3.27,3.31,3.24,3.27,206400,NaN,NaN,NaN,NaN,NaN,NaN,NaN
1671757200,3.27,3.32,3.25,3.31,144300,NaN,NaN,NaN,NaN,NaN,NaN,NaN
1672102800,3.26,3.29,3.25,3.26,104600,NaN,NaN,NaN,NaN,NaN,NaN,NaN
1672189200,3.26,3.27,3.22,3.25,236000,NaN,NaN,NaN,NaN,NaN,NaN,NaN
1672275600,3.25,3.29,3.25,3.27,1191500,NaN,NaN,NaN,NaN,NaN,NaN,NaN
1672362000,3.25,3.27,3.25,3.26,250000,1284000000,3179981000,1901646000,141416000,2223269000,1278335000,6.98159509202454
1672707600,3.26,3.29,3.26,3.29,66300,NaN,NaN,NaN,NaN,NaN,NaN,NaN
1672794000,3.28,3.29,3.25,3.28,267500,NaN,NaN,NaN,NaN,NaN,NaN,NaN
1672880400,3.29,3.29,3.23,3.25,580400,NaN,NaN,NaN,NaN,NaN,NaN,NaN
1672966800,3.26,3.28,3.25,3.25,79300,NaN,NaN,NaN,NaN,NaN,NaN,NaN
1673226000,3.27,3.27,3.2,3.22,480300,NaN,NaN,NaN,NaN,NaN,NaN,NaN
1673312400,3.23,3.25,3.23,3.23,107400,NaN,NaN,NaN,NaN,NaN,NaN,NaN
1673398800,3.23,3.23,3.17,3.17,770200,NaN,NaN,NaN,NaN,NaN,NaN,NaN
1673485200,3.21,3.21,3.15,3.2,557100,NaN,NaN,NaN,NaN,NaN,NaN,NaN
1673571600,3.2,3.21,3.17,3.18,146500,NaN,NaN,NaN,NaN,NaN,NaN,NaN
1673830800,3.19,3.19,3.15,3.15,3189200,NaN,NaN,NaN,NaN,NaN,NaN,NaN
1673917200,3.17,3.21,3.14,3.15,497000,NaN,NaN,NaN,NaN,NaN,NaN,NaN
1674003600,3.14,3.19,3.14,3.14,1091000,NaN,NaN,NaN,NaN,NaN,NaN,NaN
1674090000,3.16,3.21,3.15,3.18,1791600,NaN,NaN,NaN,NaN,NaN,NaN,NaN
1674176400,3.19,3.21,3.16,3.21,1556600,NaN,NaN,NaN,NaN,NaN,NaN,NaN
1674608400,3.22,3.28,3.19,3.25,841800,NaN,NaN,NaN,NaN,NaN,NaN,NaN
1674694800,3.25,3.32,3.24,3.28,581300,NaN,NaN,NaN,NaN,NaN,NaN,NaN
1674781200,3.26,3.31,3.26,3.27,953100,NaN,NaN,NaN,NaN,NaN,NaN,NaN
1675040400,3.28,3.29,3.26,3.27,1013000,NaN,NaN,NaN,NaN,NaN,NaN,NaN
1675126800,3.3,3.32,3.27,3.31,2277100,NaN,NaN,NaN,NaN,NaN,NaN,NaN
1675299600,3.32,3.35,3.29,3.29,437800,NaN,NaN,NaN,NaN,NaN,NaN,NaN
1675386000,3.29,3.33,3.29,3.29,237700,NaN,NaN,NaN,NaN,NaN,NaN,NaN
1675731600,3.27,3.35,3.27,3.29,639000,NaN,NaN,NaN,NaN,NaN,NaN,NaN
1675818000,3.29,3.3,3.26,3.26,687600,NaN,NaN,NaN,NaN,NaN,NaN,NaN
1675904400,3.25,3.3,3.23,3.24,594000,NaN,NaN,NaN,NaN,NaN,NaN,NaN
1675990800,3.24,3.24,3.2,3.22,583800,NaN,NaN,NaN,NaN,NaN,NaN,NaN
1676250000,3.21,3.31,3.21,3.3,593900,NaN,NaN,NaN,NaN,NaN,NaN,NaN
1676336400,3.3,3.31,3.26,3.3,144900,NaN,NaN,NaN,NaN,NaN,NaN,NaN
1676422800,3.3,3.3,3.24,3.24,268900,NaN,NaN,NaN,NaN,NaN,NaN,NaN
1676509200,3.25,3.3,3.25,3.28,1036400,NaN,NaN,NaN,NaN,NaN,NaN,NaN
1676595600,3.29,3.36,3.26,3.34,2753400,NaN,NaN,NaN,NaN,NaN,NaN,NaN
1676854800,3.36,3.42,3.3,3.32,902100,NaN,NaN,NaN,NaN,NaN,NaN,NaN
1676941200,3.32,3.35,3.32,3.33,639200,NaN,NaN,NaN,NaN,NaN,NaN,NaN
1677027600,3.33,3.35,3.32,3.34,377700,NaN,NaN,NaN,NaN,NaN,NaN,NaN
1677114000,3.35,3.38,3.32,3.32,504800,NaN,NaN,NaN,NaN,NaN,NaN,NaN
1677200400,3.32,3.32,3.29,3.29,400300,NaN,NaN,NaN,NaN,NaN,NaN,NaN
1677459600,3.29,3.32,3.29,3.29,197000,NaN,NaN,NaN,NaN,NaN,NaN,NaN
1677546000,3.3,3.35,3.29,3.31,725600,NaN,NaN,NaN,NaN,NaN,NaN,NaN
1677632400,3.31,3.34,3.31,3.34,160900,NaN,NaN,NaN,NaN,NaN,NaN,NaN
1677718800,3.34,3.36,3.33,3.34,926800,NaN,NaN,NaN,NaN,NaN,NaN,NaN
1677805200,3.25,3.26,3.21,3.25,677600,NaN,NaN,NaN,NaN,NaN,NaN,NaN
1678064400,3.24,3.24,3.18,3.18,251700,NaN,NaN,NaN,NaN,NaN,NaN,NaN
1678150800,3.18,3.2,3.17,3.17,161700,NaN,NaN,NaN,NaN,NaN,NaN,NaN
1678237200,3.17,3.2,3.16,3.18,167200,NaN,NaN,NaN,NaN,NaN,NaN,NaN
1678323600,3.18,3.18,3.12,3.17,353200,NaN,NaN,NaN,NaN,NaN,NaN,NaN
1678410000,3.13,3.15,3.13,3.13,153500,NaN,NaN,NaN,NaN,NaN,NaN,NaN
1678669200,3.11,3.14,3.04,3.13,319000,NaN,NaN,NaN,NaN,NaN,NaN,NaN
1678755600,3.14,3.14,3.11,3.11,182100,NaN,NaN,NaN,NaN,NaN,NaN,NaN
1678842000,3.11,3.15,3.11,3.12,253600,NaN,NaN,NaN,NaN,NaN,NaN,NaN
1678928400,3.1,3.1,3.08,3.1,475000,NaN,NaN,NaN,NaN,NaN,NaN,NaN
1679014800,3.1,3.17,3.08,3.1,952400,NaN,NaN,NaN,NaN,NaN,NaN,NaN
1679274000,3.08,3.08,3.05,3.05,169900,NaN,NaN,NaN,NaN,NaN,NaN,NaN
1679360400,3.08,3.12,3.07,3.1,315900,NaN,NaN,NaN,NaN,NaN,NaN,NaN
1679446800,3.16,3.19,3.12,3.17,1150100,NaN,NaN,NaN,NaN,NaN,NaN,NaN
1679533200,3.17,3.18,3.16,3.17,758200,NaN,NaN,NaN,NaN,NaN,NaN,NaN
1679619600,3.16,3.16,3.13,3.14,747600,NaN,NaN,NaN,NaN,NaN,NaN,NaN
1679878800,3.17,3.21,3.14,3.2,796500,NaN,NaN,NaN,NaN,NaN,NaN,NaN
1679965200,3.2,3.22,3.17,3.17,149800,NaN,NaN,NaN,NaN,NaN,NaN,NaN
1680051600,3.17,3.17,3.14,3.16,544900,NaN,NaN,NaN,NaN,NaN,NaN,NaN
1680138000,3.17,3.2,3.14,3.16,991300,NaN,NaN,NaN,NaN,NaN,NaN,NaN
1680224400,3.15,3.19,3.15,3.16,237600,1284000000,3229250000,2071697000,122629000,2439815000,1157553000,7.20253164556962
1680483600,3.17,3.2,3.15,3.17,1073100,NaN,NaN,NaN,NaN,NaN,NaN,NaN
1680570000,3.19,3.22,3.18,3.19,507000,NaN,NaN,NaN,NaN,NaN,NaN,NaN
1680656400,3.19,3.23,3.19,3.2,1850000,NaN,NaN,NaN,NaN,NaN,NaN,NaN
1680742800,3.2,3.24,3.2,3.21,92700,NaN,NaN,NaN,NaN,NaN,NaN,NaN
1680829200,3.23,3.24,3.21,3.22,44400,NaN,NaN,NaN,NaN,NaN,NaN,NaN
1681088400,3.24,3.26,3.22,3.26,235800,NaN,NaN,NaN,NaN,NaN,NaN,NaN
1681174800,3.25,3.29,3.22,3.29,653700,NaN,NaN,NaN,NaN,NaN,NaN,NaN
1681261200,3.27,3.29,3.24,3.28,448500,NaN,NaN,NaN,NaN,NaN,NaN,NaN
1681347600,3.25,3.28,3.24,3.24,315000,NaN,NaN,NaN,NaN,NaN,NaN,NaN
1681434000,3.24,3.25,3.21,3.23,154100,NaN,NaN,NaN,NaN,NaN,NaN,NaN
1681693200,3.23,3.3,3.23,3.29,452600,NaN,NaN,NaN,NaN,NaN,NaN,NaN
1681779600,3.28,3.29,3.26,3.28,178500,NaN,NaN,NaN,NaN,NaN,NaN,NaN
1681866000,3.28,3.3,3.23,3.23,348100,NaN,NaN,NaN,NaN,NaN,NaN,NaN
1681952400,3.24,3.26,3.24,3.26,60200,NaN,NaN,NaN,NaN,NaN,NaN,NaN
1682384400,3.28,3.4,3.28,3.39,1282000,NaN,NaN,NaN,NaN,NaN,NaN,NaN
1682470800,3.39,3.42,3.31,3.32,561300,NaN,NaN,NaN,NaN,NaN,NaN,NaN
1682557200,3.35,3.36,3.28,3.3,419400,NaN,NaN,NaN,NaN,NaN,NaN,NaN
1682643600,3.29,3.35,3.29,3.33,432100,NaN,NaN,NaN,NaN,NaN,NaN,NaN
1682989200,3.33,3.4,3.31,3.33,393900,NaN,NaN,NaN,NaN,NaN,NaN,NaN
1683075600,3.33,3.39,3.32,3.35,1287400,NaN,NaN,NaN,NaN,NaN,NaN,NaN
1683248400,3.35,3.35,3.33,3.35,483100,NaN,NaN,NaN,NaN,NaN,NaN,NaN
1683507600,3.35,3.38,3.35,3.38,246800,NaN,NaN,NaN,NaN,NaN,NaN,NaN
1683594000,3.38,3.38,3.32,3.34,2339000,NaN,NaN,NaN,NaN,NaN,NaN,NaN
1683680400,3.32,3.36,3.32,3.34,128300,NaN,NaN,NaN,NaN,NaN,NaN,NaN
1683766800,3.35,3.36,3.32,3.33,193900,NaN,NaN,NaN,NaN,NaN,NaN,NaN
1683853200,3.33,3.34,3.25,3.27,620000,NaN,NaN,NaN,NaN,NaN,NaN,NaN
1684112400,3.27,3.27,3.23,3.24,459700,NaN,NaN,NaN,NaN,NaN,NaN,NaN
1684198800,3.24,3.26,3.22,3.24,358400,NaN,NaN,NaN,NaN,NaN,NaN,NaN
1684285200,3.24,3.24,3.21,3.21,656600,NaN,NaN,NaN,NaN,NaN,NaN,NaN
1684371600,3.24,3.25,3.19,3.2,919100,NaN,NaN,NaN,NaN,NaN,NaN,NaN
1684458000,3.23,3.25,3.17,3.17,1407000,NaN,NaN,NaN,NaN,NaN,NaN,NaN
1684717200,3.2,3.2,3.18,3.19,802600,NaN,NaN,NaN,NaN,NaN,NaN,NaN
1684803600,3.19,3.19,3.14,3.14,618300,NaN,NaN,NaN,NaN,NaN,NaN,NaN
1684890000,3.15,3.18,3.11,3.12,1049900,NaN,NaN,NaN,NaN,NaN,NaN,NaN
1684976400,3.12,3.16,3.12,3.13,576600,NaN,NaN,NaN,NaN,NaN,NaN,NaN
1685062800,3.19,3.19,3.11,3.11,864500,NaN,NaN,NaN,NaN,NaN,NaN,NaN
1685322000,3.14,3.18,3.12,3.13,776100,NaN,NaN,NaN,NaN,NaN,NaN,NaN
1685408400,3.15,3.19,3.14,3.16,1767400,NaN,NaN,NaN,NaN,NaN,NaN,NaN
1685494800,3.09,3.11,3.04,3.1,4071600,NaN,NaN,NaN,NaN,NaN,NaN,NaN
1685581200,3.1,3.1,3.05,3.05,356400,NaN,NaN,NaN,NaN,NaN,NaN,NaN
1685667600,3.06,3.1,3.06,3.07,2472800,NaN,NaN,NaN,NaN,NaN,NaN,NaN
1686013200,3.07,3.08,3.05,3.07,190200,NaN,NaN,NaN,NaN,NaN,NaN,NaN
1686099600,3.07,3.08,3.01,3.07,578800,NaN,NaN,NaN,NaN,NaN,NaN,NaN
1686186000,3.07,3.08,3.06,3.07,2337100,NaN,NaN,NaN,NaN,NaN,NaN,NaN
1686272400,3.07,3.08,3.06,3.07,3194000,NaN,NaN,NaN,NaN,NaN,NaN,NaN
1686531600,3.08,3.13,3.08,3.1,8473800,NaN,NaN,NaN,NaN,NaN,NaN,NaN
1686618000,3.1,3.1,3.07,3.07,96100,NaN,NaN,NaN,NaN,NaN,NaN,NaN
1686704400,3.07,3.12,3.04,3.1,357100,NaN,NaN,NaN,NaN,NaN,NaN,NaN
1686790800,3.08,3.08,3,3,970800,NaN,NaN,NaN,NaN,NaN,NaN,NaN
1686877200,3.02,3.04,3.01,3.01,158600,NaN,NaN,NaN,NaN,NaN,NaN,NaN
1687136400,3.01,3.05,3,3.01,414100,NaN,NaN,NaN,NaN,NaN,NaN,NaN
1687222800,3.01,3.05,3,3.04,410300,NaN,NaN,NaN,NaN,NaN,NaN,NaN
1687309200,3.03,3.05,3,3,225200,NaN,NaN,NaN,NaN,NaN,NaN,NaN
1687395600,3.04,3.04,3,3,180200,NaN,NaN,NaN,NaN,NaN,NaN,NaN
1687482000,3,3.03,2.99,2.99,602000,NaN,NaN,NaN,NaN,NaN,NaN,NaN
1687741200,3.01,3.01,2.97,3,421600,NaN,NaN,NaN,NaN,NaN,NaN,NaN
1687827600,3.03,3.03,2.99,3,365000,NaN,NaN,NaN,NaN,NaN,NaN,NaN
1687914000,3,3.01,2.99,2.99,87800,NaN,NaN,NaN,NaN,NaN,NaN,NaN
1688086800,2.99,3.03,2.98,3,341000,1284000000,3176624000,1923872000,130255000,2020758000,1252752000,7.52666666666667
1688346000,3,3.09,2.98,3.09,605100,NaN,NaN,NaN,NaN,NaN,NaN,NaN
1688432400,3.1,3.12,3.07,3.08,566600,NaN,NaN,NaN,NaN,NaN,NaN,NaN
1688518800,3.07,3.07,3.03,3.04,650500,NaN,NaN,NaN,NaN,NaN,NaN,NaN
1688605200,3.03,3.04,3,3,193900,NaN,NaN,NaN,NaN,NaN,NaN,NaN
1688691600,3,3.02,2.99,3,3592900,NaN,NaN,NaN,NaN,NaN,NaN,NaN
1688950800,3.01,3.02,3,3.01,1057700,NaN,NaN,NaN,NaN,NaN,NaN,NaN
1689037200,3.04,3.07,3.04,3.06,690900,NaN,NaN,NaN,NaN,NaN,NaN,NaN
1689123600,3.06,3.08,3.04,3.05,1216300,NaN,NaN,NaN,NaN,NaN,NaN,NaN
1689210000,3.03,3.04,3,3.01,304700,NaN,NaN,NaN,NaN,NaN,NaN,NaN
1689296400,3.03,3.07,3.01,3.07,764300,NaN,NaN,NaN,NaN,NaN,NaN,NaN
1689555600,3.07,3.07,3.02,3.02,156100,NaN,NaN,NaN,NaN,NaN,NaN,NaN
1689642000,3.04,3.04,2.99,3,1662400,NaN,NaN,NaN,NaN,NaN,NaN,NaN
1689814800,3.05,3.05,3.01,3.03,171600,NaN,NaN,NaN,NaN,NaN,NaN,NaN
1689901200,3.03,3.03,3.01,3.01,112800,NaN,NaN,NaN,NaN,NaN,NaN,NaN
1690160400,3.05,3.05,3.01,3.02,147800,NaN,NaN,NaN,NaN,NaN,NaN,NaN
1690246800,3.02,3.03,3,3,574100,NaN,NaN,NaN,NaN,NaN,NaN,NaN
1690333200,3,3.02,2.99,3,515400,NaN,NaN,NaN,NaN,NaN,NaN,NaN
1690419600,3,3.03,2.99,3.02,1616600,NaN,NaN,NaN,NaN,NaN,NaN,NaN
1690506000,3.03,3.03,3,3,1124700,NaN,NaN,NaN,NaN,NaN,NaN,NaN
1690765200,3.01,3.02,3,3.01,473800,NaN,NaN,NaN,NaN,NaN,NaN,NaN
1690851600,3.03,3.03,3,3.01,786100,NaN,NaN,NaN,NaN,NaN,NaN,NaN
1690938000,3.03,3.05,3.01,3.03,603400,NaN,NaN,NaN,NaN,NaN,NaN,NaN
1691024400,3.03,3.03,3,3,842700,NaN,NaN,NaN,NaN,NaN,NaN,NaN
1691110800,3.01,3.03,3,3.01,1390900,NaN,NaN,NaN,NaN,NaN,NaN,NaN
1691370000,3.04,3.04,3.02,3.03,57400,NaN,NaN,NaN,NaN,NaN,NaN,NaN
1691456400,3.03,3.04,3.02,3.02,188300,NaN,NaN,NaN,NaN,NaN,NaN,NaN
1691542800,3.03,3.03,3,3,282200,NaN,NaN,NaN,NaN,NaN,NaN,NaN
1691629200,3.01,3.11,3.01,3.08,1425200,NaN,NaN,NaN,NaN,NaN,NaN,NaN
1691715600,3.08,3.09,3.06,3.07,498400,NaN,NaN,NaN,NaN,NaN,NaN,NaN
1691974800,3.07,3.08,3.01,3.02,747100,NaN,NaN,NaN,NaN,NaN,NaN,NaN
1692061200,3.02,3.03,3.01,3.01,666400,NaN,NaN,NaN,NaN,NaN,NaN,NaN
1692147600,3.02,3.03,3,3.02,1134200,NaN,NaN,NaN,NaN,NaN,NaN,NaN
1692234000,3.02,3.03,3,3,566000,NaN,NaN,NaN,NaN,NaN,NaN,NaN
1692320400,3.01,3.02,3.01,3.01,276600,NaN,NaN,NaN,NaN,NaN,NaN,NaN
1692579600,3.01,3.03,3.01,3.02,1322400,NaN,NaN,NaN,NaN,NaN,NaN,NaN
1692666000,3.05,3.1,3.03,3.06,1503800,NaN,NaN,NaN,NaN,NaN,NaN,NaN
1692752400,3.06,3.08,3.03,3.05,373100,NaN,NaN,NaN,NaN,NaN,NaN,NaN
1692838800,3.05,3.05,3.03,3.05,127800,NaN,NaN,NaN,NaN,NaN,NaN,NaN
1692925200,3.05,3.05,3.03,3.04,75000,NaN,NaN,NaN,NaN,NaN,NaN,NaN
1693184400,3.04,3.05,3.02,3.03,662000,NaN,NaN,NaN,NaN,NaN,NaN,NaN
1693270800,3.04,3.05,3.03,3.03,61400,NaN,NaN,NaN,NaN,NaN,NaN,NaN
1693357200,3.03,3.05,3.03,3.05,541600,NaN,NaN,NaN,NaN,NaN,NaN,NaN
1693530000,3.03,3.05,3.03,3.03,184000,NaN,NaN,NaN,NaN,NaN,NaN,NaN
1693789200,3.04,3.05,3.03,3.04,90500,NaN,NaN,NaN,NaN,NaN,NaN,NaN
1693875600,3.04,3.07,3.04,3.06,1102400,NaN,NaN,NaN,NaN,NaN,NaN,NaN
1693962000,3.06,3.08,3.05,3.06,657800,NaN,NaN,NaN,NaN,NaN,NaN,NaN
1694048400,3.06,3.09,3.05,3.05,686200,NaN,NaN,NaN,NaN,NaN,NaN,NaN
1694134800,3.06,3.08,3.04,3.06,836800,NaN,NaN,NaN,NaN,NaN,NaN,NaN
1694394000,3.06,3.07,3.05,3.05,93100,NaN,NaN,NaN,NaN,NaN,NaN,NaN
1694480400,3.06,3.06,3.02,3.02,609100,NaN,NaN,NaN,NaN,NaN,NaN,NaN
1694566800,3.02,3.03,3,3.02,775400,NaN,NaN,NaN,NaN,NaN,NaN,NaN
1694653200,3.03,3.04,3,3.01,867800,NaN,NaN,NaN,NaN,NaN,NaN,NaN
1694739600,3.02,3.04,3.01,3.01,1233700,NaN,NaN,NaN,NaN,NaN,NaN,NaN
1694998800,3.01,3.04,3,3.02,893800,NaN,NaN,NaN,NaN,NaN,NaN,NaN
1695085200,3.02,3.02,3.01,3.02,384300,NaN,NaN,NaN,NaN,NaN,NaN,NaN
1695171600,3.02,3.02,3.01,3.01,547600,NaN,NaN,NaN,NaN,NaN,NaN,NaN
1695258000,3.02,3.02,3.01,3.02,487800,NaN,NaN,NaN,NaN,NaN,NaN,NaN
1695344400,3.02,3.02,3.01,3.01,730300,NaN,NaN,NaN,NaN,NaN,NaN,NaN
1695603600,3.02,3.04,3.01,3.01,405300,NaN,NaN,NaN,NaN,NaN,NaN,NaN
1695690000,3.02,3.03,3,3.02,1180400,NaN,NaN,NaN,NaN,NaN,NaN,NaN
1695776400,3.02,3.02,3.01,3.02,311600,NaN,NaN,NaN,NaN,NaN,NaN,NaN
1695949200,3.02,3.07,3.01,3.04,677700,1284000000,3109939000,1846432000,106436000,1816830000,1263507000,7.48684210526316
1696208400,3.06,3.06,3.04,3.05,56900,NaN,NaN,NaN,NaN,NaN,NaN,NaN
1696294800,3.04,3.06,3.04,3.05,96300,NaN,NaN,NaN,NaN,NaN,NaN,NaN
1696381200,3.05,3.06,3.04,3.04,385100,NaN,NaN,NaN,NaN,NaN,NaN,NaN
1696467600,3.04,3.06,3.04,3.06,273900,NaN,NaN,NaN,NaN,NaN,NaN,NaN
1696554000,3.06,3.06,3.05,3.06,123400,NaN,NaN,NaN,NaN,NaN,NaN,NaN
1696813200,3.07,3.13,3.06,3.11,2205400,NaN,NaN,NaN,NaN,NaN,NaN,NaN
1696899600,3.12,3.15,3.12,3.14,1772200,NaN,NaN,NaN,NaN,NaN,NaN,NaN
1696986000,3.14,3.17,3.13,3.16,1630000,NaN,NaN,NaN,NaN,NaN,NaN,NaN
1697072400,3.1,3.14,3.07,3.14,1982700,NaN,NaN,NaN,NaN,NaN,NaN,NaN
1697158800,3.12,3.12,3.07,3.08,651600,NaN,NaN,NaN,NaN,NaN,NaN,NaN
1697418000,3.08,3.15,3.06,3.12,913700,NaN,NaN,NaN,NaN,NaN,NaN,NaN
1697504400,3.12,3.18,3.12,3.14,876300,NaN,NaN,NaN,NaN,NaN,NaN,NaN
1697590800,3.14,3.17,3.1,3.14,7132500,NaN,NaN,NaN,NaN,NaN,NaN,NaN
1697677200,3.1,3.16,3.1,3.11,819500,NaN,NaN,NaN,NaN,NaN,NaN,NaN
1697763600,3.11,3.14,3.1,3.12,2334300,NaN,NaN,NaN,NaN,NaN,NaN,NaN
1698022800,3.14,3.18,3.14,3.17,1613500,NaN,NaN,NaN,NaN,NaN,NaN,NaN
1698109200,3.17,3.25,3.17,3.22,2200300,NaN,NaN,NaN,NaN,NaN,NaN,NaN
1698195600,3.21,3.25,3.21,3.25,1421900,NaN,NaN,NaN,NaN,NaN,NaN,NaN
1698282000,3.23,3.27,3.21,3.27,810700,NaN,NaN,NaN,NaN,NaN,NaN,NaN
1698368400,3.26,3.29,3.24,3.25,602700,NaN,NaN,NaN,NaN,NaN,NaN,NaN
1698627600,3.23,3.29,3.23,3.27,1064800,NaN,NaN,NaN,NaN,NaN,NaN,NaN
1698714000,3.23,3.29,3.23,3.29,1830500,NaN,NaN,NaN,NaN,NaN,NaN,NaN
1698800400,3.23,3.38,3.23,3.38,1797500,NaN,NaN,NaN,NaN,NaN,NaN,NaN
1698886800,3.37,3.46,3.36,3.41,2344400,NaN,NaN,NaN,NaN,NaN,NaN,NaN
1698973200,3.43,3.43,3.36,3.38,611400,NaN,NaN,NaN,NaN,NaN,NaN,NaN
1699232400,3.38,3.42,3.36,3.36,1116800,NaN,NaN,NaN,NaN,NaN,NaN,NaN
1699318800,3.35,3.37,3.33,3.35,1012500,NaN,NaN,NaN,NaN,NaN,NaN,NaN
1699405200,3.32,3.36,3.29,3.36,958300,NaN,NaN,NaN,NaN,NaN,NaN,NaN
1699491600,3.36,3.37,3.32,3.37,1234400,NaN,NaN,NaN,NaN,NaN,NaN,NaN
1699578000,3.35,3.37,3.33,3.35,207600,NaN,NaN,NaN,NaN,NaN,NaN,NaN
1699923600,3.35,3.38,3.34,3.35,387900,NaN,NaN,NaN,NaN,NaN,NaN,NaN
1700010000,3.36,3.37,3.33,3.35,241600,NaN,NaN,NaN,NaN,NaN,NaN,NaN
1700096400,3.33,3.35,3.31,3.32,279400,NaN,NaN,NaN,NaN,NaN,NaN,NaN
1700182800,3.35,3.35,3.25,3.25,345300,NaN,NaN,NaN,NaN,NaN,NaN,NaN
1700442000,3.25,3.26,3.22,3.23,469300,NaN,NaN,NaN,NaN,NaN,NaN,NaN
1700528400,3.23,3.23,3.19,3.2,936400,NaN,NaN,NaN,NaN,NaN,NaN,NaN
1700614800,3.2,3.2,3.16,3.2,202700,NaN,NaN,NaN,NaN,NaN,NaN,NaN
1700701200,3.2,3.2,3.15,3.18,597200,NaN,NaN,NaN,NaN,NaN,NaN,NaN
1700787600,3.2,3.2,3.18,3.18,89000,NaN,NaN,NaN,NaN,NaN,NaN,NaN
1701046800,3.18,3.25,3.18,3.2,520800,NaN,NaN,NaN,NaN,NaN,NaN,NaN
1701133200,3.2,3.2,3.13,3.14,364900,NaN,NaN,NaN,NaN,NaN,NaN,NaN
1701219600,3.14,3.14,3.08,3.1,485500,NaN,NaN,NaN,NaN,NaN,NaN,NaN
1701306000,3.1,3.1,3.05,3.06,1491600,NaN,NaN,NaN,NaN,NaN,NaN,NaN
1701392400,3.06,3.1,3.05,3.1,1408100,NaN,NaN,NaN,NaN,NaN,NaN,NaN
1701651600,3.14,3.14,3.09,3.11,1176000,NaN,NaN,NaN,NaN,NaN,NaN,NaN
1701738000,3.14,3.17,3.11,3.12,1016300,NaN,NaN,NaN,NaN,NaN,NaN,NaN
1701824400,3.13,3.15,3.13,3.14,1863100,NaN,NaN,NaN,NaN,NaN,NaN,NaN
1701910800,3.14,3.15,3.13,3.14,3132400,NaN,NaN,NaN,NaN,NaN,NaN,NaN
1701997200,3.13,3.14,3.13,3.14,1471200,NaN,NaN,NaN,NaN,NaN,NaN,NaN
1702256400,3.15,3.17,3.15,3.16,339100,NaN,NaN,NaN,NaN,NaN,NaN,NaN
1702342800,3.16,3.17,3.09,3.09,821300,NaN,NaN,NaN,NaN,NaN,NaN,NaN
1702429200,3.1,3.11,3.08,3.09,1297000,NaN,NaN,NaN,NaN,NaN,NaN,NaN
1702515600,3.09,3.18,3.09,3.13,1424000,NaN,NaN,NaN,NaN,NaN,NaN,NaN
1702602000,3.16,3.23,3.16,3.23,215400,NaN,NaN,NaN,NaN,NaN,NaN,NaN
1702861200,3.23,3.24,3.16,3.23,322900,NaN,NaN,NaN,NaN,NaN,NaN,NaN
1702947600,3.21,3.23,3.21,3.23,177800,NaN,NaN,NaN,NaN,NaN,NaN,NaN
1703034000,3.24,3.24,3.2,3.22,717400,NaN,NaN,NaN,NaN,NaN,NaN,NaN
1703120400,3.2,3.21,3.16,3.2,253800,NaN,NaN,NaN,NaN,NaN,NaN,NaN
1703206800,3.2,3.21,3.2,3.2,184800,NaN,NaN,NaN,NaN,NaN,NaN,NaN
1703552400,3.2,3.25,3.2,3.21,148100,NaN,NaN,NaN,NaN,NaN,NaN,NaN
1703638800,3.21,3.23,3.21,3.22,75700,NaN,NaN,NaN,NaN,NaN,NaN,NaN
1703725200,3.22,3.23,3.22,3.23,122300,NaN,NaN,NaN,NaN,NaN,NaN,NaN
1703811600,3.24,3.24,3.21,3.21,366700,1284000000,3243948000,1876073000,143687000,1801518000,1367875000,7.09034267912773
1704157200,3.21,3.21,3.18,3.2,85600,NaN,NaN,NaN,NaN,NaN,NaN,NaN
1704243600,3.2,3.24,3.2,3.23,73100,NaN,NaN,NaN,NaN,NaN,NaN,NaN
1704330000,3.23,3.28,3.22,3.26,240900,NaN,NaN,NaN,NaN,NaN,NaN,NaN
1704416400,3.27,3.3,3.27,3.3,497000,NaN,NaN,NaN,NaN,NaN,NaN,NaN
1704675600,3.3,3.32,3.29,3.32,837600,NaN,NaN,NaN,NaN,NaN,NaN,NaN
1704762000,3.32,3.32,3.29,3.3,412700,NaN,NaN,NaN,NaN,NaN,NaN,NaN
1704848400,3.3,3.32,3.3,3.32,918800,NaN,NaN,NaN,NaN,NaN,NaN,NaN
1704934800,3.32,3.32,3.28,3.31,1135000,NaN,NaN,NaN,NaN,NaN,NaN,NaN
1705021200,3.32,3.32,3.28,3.28,1166200,NaN,NaN,NaN,NaN,NaN,NaN,NaN
1705280400,3.3,3.32,3.27,3.3,239900,NaN,NaN,NaN,NaN,NaN,NaN,NaN
1705366800,3.3,3.32,3.3,3.3,681800,NaN,NaN,NaN,NaN,NaN,NaN,NaN
1705453200,3.3,3.34,3.3,3.31,782200,NaN,NaN,NaN,NaN,NaN,NaN,NaN
1705539600,3.3,3.34,3.3,3.3,853000,NaN,NaN,NaN,NaN,NaN,NaN,NaN
1705626000,3.3,3.31,3.26,3.3,777300,NaN,NaN,NaN,NaN,NaN,NaN,NaN
1705885200,3.31,3.32,3.3,3.31,148700,NaN,NaN,NaN,NaN,NaN,NaN,NaN
1705971600,3.31,3.32,3.31,3.31,1146500,NaN,NaN,NaN,NaN,NaN,NaN,NaN
1706058000,3.32,3.32,3.31,3.31,22200,NaN,NaN,NaN,NaN,NaN,NaN,NaN
1706230800,3.31,3.34,3.3,3.32,97100,NaN,NaN,NaN,NaN,NaN,NaN,NaN
1706490000,3.3,3.33,3.3,3.31,131100,NaN,NaN,NaN,NaN,NaN,NaN,NaN
1706576400,3.31,3.32,3.3,3.3,41900,NaN,NaN,NaN,NaN,NaN,NaN,NaN
1706662800,3.3,3.32,3.26,3.27,217300,NaN,NaN,NaN,NaN,NaN,NaN,NaN
1706835600,3.28,3.28,3.23,3.23,226000,NaN,NaN,NaN,NaN,NaN,NaN,NaN
1707094800,3.23,3.27,3.22,3.24,59500,NaN,NaN,NaN,NaN,NaN,NaN,NaN
1707181200,3.25,3.28,3.25,3.27,84400,NaN,NaN,NaN,NaN,NaN,NaN,NaN
1707267600,3.3,3.3,3.28,3.29,113400,NaN,NaN,NaN,NaN,NaN,NaN,NaN
1707354000,3.28,3.3,3.28,3.29,46900,NaN,NaN,NaN,NaN,NaN,NaN,NaN
1707440400,3.29,3.31,3.28,3.31,53500,NaN,NaN,NaN,NaN,NaN,NaN,NaN
1707786000,3.31,3.33,3.3,3.32,93600,NaN,NaN,NaN,NaN,NaN,NaN,NaN
1707872400,3.32,3.35,3.3,3.35,210300,NaN,NaN,NaN,NaN,NaN,NaN,NaN
1707958800,3.35,3.38,3.34,3.38,153900,NaN,NaN,NaN,NaN,NaN,NaN,NaN
1708045200,3.38,3.4,3.37,3.39,190100,NaN,NaN,NaN,NaN,NaN,NaN,NaN
1708304400,3.39,3.4,3.38,3.38,216000,NaN,NaN,NaN,NaN,NaN,NaN,NaN
1708390800,3.38,3.39,3.36,3.38,576600,NaN,NaN,NaN,NaN,NaN,NaN,NaN
1708477200,3.43,3.44,3.33,3.36,838300,NaN,NaN,NaN,NaN,NaN,NaN,NaN
1708563600,3.38,3.39,3.36,3.36,304100,NaN,NaN,NaN,NaN,NaN,NaN,NaN
1708650000,3.36,3.38,3.32,3.33,462400,NaN,NaN,NaN,NaN,NaN,NaN,NaN
1708909200,3.35,3.35,3.31,3.31,260300,NaN,NaN,NaN,NaN,NaN,NaN,NaN
1708995600,3.31,3.36,3.31,3.35,110300,NaN,NaN,NaN,NaN,NaN,NaN,NaN
1709082000,3.36,3.41,3.36,3.41,674500,NaN,NaN,NaN,NaN,NaN,NaN,NaN
1709168400,3.42,3.43,3.38,3.41,489800,NaN,NaN,NaN,NaN,NaN,NaN,NaN
1709254800,3.4,3.41,3.37,3.37,132500,NaN,NaN,NaN,NaN,NaN,NaN,NaN
1709514000,3.42,3.42,3.36,3.36,240800,NaN,NaN,NaN,NaN,NaN,NaN,NaN
1709600400,3.39,3.41,3.33,3.33,234600,NaN,NaN,NaN,NaN,NaN,NaN,NaN
1709686800,3.34,3.38,3.34,3.35,1123000,NaN,NaN,NaN,NaN,NaN,NaN,NaN
1709773200,3.35,3.38,3.35,3.38,83400,NaN,NaN,NaN,NaN,NaN,NaN,NaN
1709859600,3.38,3.39,3.36,3.36,70300,NaN,NaN,NaN,NaN,NaN,NaN,NaN
1710118800,3.37,3.42,3.37,3.41,369900,NaN,NaN,NaN,NaN,NaN,NaN,NaN
1710205200,3.42,3.42,3.39,3.42,136200,NaN,NaN,NaN,NaN,NaN,NaN,NaN
1710291600,3.43,3.43,3.4,3.4,300800,NaN,NaN,NaN,NaN,NaN,NaN,NaN
1710378000,3.4,3.41,3.39,3.41,185000,NaN,NaN,NaN,NaN,NaN,NaN,NaN
1710464400,3.41,3.44,3.4,3.42,362800,NaN,NaN,NaN,NaN,NaN,NaN,NaN
1710723600,3.44,3.46,3.42,3.44,488000,NaN,NaN,NaN,NaN,NaN,NaN,NaN
1710810000,3.35,3.38,3.3,3.36,4697800,NaN,NaN,NaN,NaN,NaN,NaN,NaN
1710896400,3.37,3.39,3.35,3.37,674200,NaN,NaN,NaN,NaN,NaN,NaN,NaN
1710982800,3.37,3.38,3.35,3.37,173600,NaN,NaN,NaN,NaN,NaN,NaN,NaN
1711069200,3.37,3.38,3.35,3.37,166600,NaN,NaN,NaN,NaN,NaN,NaN,NaN
1711328400,3.36,3.4,3.36,3.4,96500,NaN,NaN,NaN,NaN,NaN,NaN,NaN
1711414800,3.43,3.46,3.41,3.43,333800,NaN,NaN,NaN,NaN,NaN,NaN,NaN
1711501200,3.46,3.48,3.41,3.45,712800,NaN,NaN,NaN,NaN,NaN,NaN,NaN
1711674000,3.44,3.48,3.44,3.47,569200,1284000000,3338843000,2088205000,131937999.99999999,1872612000,1250638000,6.55907780979827
1711933200,3.47,3.51,3.47,3.48,861100,NaN,NaN,NaN,NaN,NaN,NaN,NaN
1712019600,3.48,3.49,3.48,3.49,776800,NaN,NaN,NaN,NaN,NaN,NaN,NaN
1712106000,3.48,3.51,3.48,3.5,245700,NaN,NaN,NaN,NaN,NaN,NaN,NaN
1712192400,3.48,3.5,3.48,3.49,217000,NaN,NaN,NaN,NaN,NaN,NaN,NaN
1712278800,3.49,3.52,3.49,3.52,293000,NaN,NaN,NaN,NaN,NaN,NaN,NaN
1712538000,3.52,3.53,3.51,3.52,293900,NaN,NaN,NaN,NaN,NaN,NaN,NaN
1712624400,3.52,3.58,3.52,3.56,236200,NaN,NaN,NaN,NaN,NaN,NaN,NaN
1712883600,3.55,3.58,3.55,3.58,166300,NaN,NaN,NaN,NaN,NaN,NaN,NaN
1713142800,3.58,3.59,3.55,3.59,207000,NaN,NaN,NaN,NaN,NaN,NaN,NaN
1713229200,3.56,3.56,3.51,3.51,385100,NaN,NaN,NaN,NaN,NaN,NaN,NaN
1713315600,3.51,3.53,3.5,3.51,140700,NaN,NaN,NaN,NaN,NaN,NaN,NaN
1713402000,3.51,3.57,3.51,3.52,230000,NaN,NaN,NaN,NaN,NaN,NaN,NaN
1713488400,3.51,3.58,3.51,3.58,266700,NaN,NaN,NaN,NaN,NaN,NaN,NaN
1713747600,3.58,3.59,3.53,3.53,102000,NaN,NaN,NaN,NaN,NaN,NaN,NaN
1713834000,3.57,3.58,3.5,3.55,707500,NaN,NaN,NaN,NaN,NaN,NaN,NaN
1713920400,3.55,3.56,3.52,3.53,128100,NaN,NaN,NaN,NaN,NaN,NaN,NaN
1714006800,3.53,3.64,3.53,3.6,769700,NaN,NaN,NaN,NaN,NaN,NaN,NaN
1714093200,3.56,3.65,3.56,3.61,689300,NaN,NaN,NaN,NaN,NaN,NaN,NaN
1714352400,3.61,3.65,3.61,3.62,44600,NaN,NaN,NaN,NaN,NaN,NaN,NaN
1714438800,3.62,3.62,3.6,3.62,226400,NaN,NaN,NaN,NaN,NaN,NaN,NaN
1714611600,3.61,3.61,3.54,3.55,314200,NaN,NaN,NaN,NaN,NaN,NaN,NaN
1714698000,3.55,3.56,3.45,3.5,1618900,NaN,NaN,NaN,NaN,NaN,NaN,NaN
1714957200,3.52,3.56,3.48,3.51,896700,NaN,NaN,NaN,NaN,NaN,NaN,NaN
1715043600,3.51,3.55,3.51,3.54,773600,NaN,NaN,NaN,NaN,NaN,NaN,NaN
1715130000,3.55,3.56,3.53,3.54,94500,NaN,NaN,NaN,NaN,NaN,NaN,NaN
1715216400,3.54,3.56,3.54,3.54,108100,NaN,NaN,NaN,NaN,NaN,NaN,NaN
1715302800,3.55,3.55,3.52,3.53,158400,NaN,NaN,NaN,NaN,NaN,NaN,NaN
1715562000,3.54,3.55,3.53,3.53,335600,NaN,NaN,NaN,NaN,NaN,NaN,NaN
1715648400,3.53,3.55,3.51,3.51,216000,NaN,NaN,NaN,NaN,NaN,NaN,NaN
1715734800,3.52,3.55,3.48,3.49,541400,NaN,NaN,NaN,NaN,NaN,NaN,NaN
1715821200,3.49,3.54,3.49,3.5,355500,NaN,NaN,NaN,NaN,NaN,NaN,NaN
1715907600,3.54,3.54,3.5,3.5,462900,NaN,NaN,NaN,NaN,NaN,NaN,NaN
1716166800,3.5,3.54,3.5,3.51,537000,NaN,NaN,NaN,NaN,NaN,NaN,NaN
1716253200,3.5,3.57,3.5,3.57,537800,NaN,NaN,NaN,NaN,NaN,NaN,NaN
1716426000,3.57,3.59,3.56,3.58,220900,NaN,NaN,NaN,NaN,NaN,NaN,NaN
1716512400,3.6,3.61,3.58,3.58,403500,NaN,NaN,NaN,NaN,NaN,NaN,NaN
1716771600,3.6,3.62,3.59,3.59,557800,NaN,NaN,NaN,NaN,NaN,NaN,NaN
1716858000,3.59,3.62,3.59,3.6,412300,NaN,NaN,NaN,NaN,NaN,NaN,NaN
1716944400,3.6,3.6,3.55,3.6,1041600,NaN,NaN,NaN,NaN,NaN,NaN,NaN
1717030800,3.5,3.54,3.46,3.49,563100,NaN,NaN,NaN,NaN,NaN,NaN,NaN
1717117200,3.46,3.69,3.46,3.69,1234900,NaN,NaN,NaN,NaN,NaN,NaN,NaN
1717462800,3.63,3.63,3.53,3.57,1213400,NaN,NaN,NaN,NaN,NaN,NaN,NaN
1717549200,3.57,3.62,3.55,3.6,477500,NaN,NaN,NaN,NaN,NaN,NaN,NaN
1717635600,3.62,3.68,3.6,3.67,564800,NaN,NaN,NaN,NaN,NaN,NaN,NaN
1717722000,3.67,3.69,3.65,3.68,488000,NaN,NaN,NaN,NaN,NaN,NaN,NaN
1717981200,3.68,3.69,3.64,3.69,206300,NaN,NaN,NaN,NaN,NaN,NaN,NaN
1718067600,3.69,3.69,3.64,3.64,2098300,NaN,NaN,NaN,NaN,NaN,NaN,NaN
1718154000,3.64,3.68,3.63,3.63,282400,NaN,NaN,NaN,NaN,NaN,NaN,NaN
1718240400,3.63,3.64,3.58,3.6,163000,NaN,NaN,NaN,NaN,NaN,NaN,NaN
1718326800,3.58,3.65,3.57,3.65,135600,NaN,NaN,NaN,NaN,NaN,NaN,NaN
1718672400,3.65,3.7,3.58,3.6,409400,NaN,NaN,NaN,NaN,NaN,NaN,NaN
1718758800,3.6,3.6,3.57,3.57,426400,NaN,NaN,NaN,NaN,NaN,NaN,NaN
1718845200,3.58,3.6,3.57,3.6,485000,NaN,NaN,NaN,NaN,NaN,NaN,NaN
1718931600,3.6,3.6,3.58,3.58,905800,NaN,NaN,NaN,NaN,NaN,NaN,NaN
1719190800,3.58,3.62,3.57,3.6,185400,NaN,NaN,NaN,NaN,NaN,NaN,NaN
1719277200,3.6,3.64,3.6,3.63,116100,NaN,NaN,NaN,NaN,NaN,NaN,NaN
1719363600,3.65,3.65,3.63,3.65,77300,NaN,NaN,NaN,NaN,NaN,NaN,NaN
1719450000,3.64,3.64,3.6,3.62,40700,NaN,NaN,NaN,NaN,NaN,NaN,NaN
1719536400,3.61,3.62,3.6,3.6,43300,1284000000,3319864000,1959659000,148713000,1984762000,1360205000,6.48611111111111
1719795600,3.61,3.65,3.61,3.65,263800,NaN,NaN,NaN,NaN,NaN,NaN,NaN
1719882000,3.65,3.65,3.63,3.63,414600,NaN,NaN,NaN,NaN,NaN,NaN,NaN
1719968400,3.63,3.65,3.6,3.64,479100,NaN,NaN,NaN,NaN,NaN,NaN,NaN
1720054800,3.63,3.65,3.63,3.65,213100,NaN,NaN,NaN,NaN,NaN,NaN,NaN
1720141200,3.62,3.63,3.6,3.6,217800,NaN,NaN,NaN,NaN,NaN,NaN,NaN
1720486800,3.63,3.63,3.6,3.61,284400,NaN,NaN,NaN,NaN,NaN,NaN,NaN
1720573200,3.61,3.64,3.6,3.6,141600,NaN,NaN,NaN,NaN,NaN,NaN,NaN
1720659600,3.6,3.64,3.6,3.64,106100,NaN,NaN,NaN,NaN,NaN,NaN,NaN
1720746000,3.64,3.64,3.63,3.63,780700,NaN,NaN,NaN,NaN,NaN,NaN,NaN
1721005200,3.64,3.64,3.63,3.63,151600,NaN,NaN,NaN,NaN,NaN,NaN,NaN
1721091600,3.63,3.64,3.6,3.62,100300,NaN,NaN,NaN,NaN,NaN,NaN,NaN
1721178000,3.62,3.62,3.6,3.62,195700,NaN,NaN,NaN,NaN,NaN,NaN,NaN
1721264400,3.62,3.64,3.6,3.61,206100,NaN,NaN,NaN,NaN,NaN,NaN,NaN
1721350800,3.61,3.63,3.6,3.63,132200,NaN,NaN,NaN,NaN,NaN,NaN,NaN
1721610000,3.62,3.62,3.57,3.6,623700,NaN,NaN,NaN,NaN,NaN,NaN,NaN
1721696400,3.62,3.63,3.59,3.63,73100,NaN,NaN,NaN,NaN,NaN,NaN,NaN
1721782800,3.62,3.62,3.59,3.59,53200,NaN,NaN,NaN,NaN,NaN,NaN,NaN
1721869200,3.59,3.61,3.57,3.61,63300,NaN,NaN,NaN,NaN,NaN,NaN,NaN
1721955600,3.61,3.61,3.57,3.57,103800,NaN,NaN,NaN,NaN,NaN,NaN,NaN
1722214800,3.6,3.61,3.57,3.58,80400,NaN,NaN,NaN,NaN,NaN,NaN,NaN
1722301200,3.58,3.61,3.56,3.57,95500,NaN,NaN,NaN,NaN,NaN,NaN,NaN
1722387600,3.58,3.61,3.56,3.57,512300,NaN,NaN,NaN,NaN,NaN,NaN,NaN
1722474000,3.56,3.61,3.56,3.57,199700,NaN,NaN,NaN,NaN,NaN,NaN,NaN
1722560400,3.57,3.59,3.56,3.56,106100,NaN,NaN,NaN,NaN,NaN,NaN,NaN
1722819600,3.55,3.55,3.47,3.5,673300,NaN,NaN,NaN,NaN,NaN,NaN,NaN
1722906000,3.49,3.57,3.42,3.51,469600,NaN,NaN,NaN,NaN,NaN,NaN,NaN
1722992400,3.51,3.61,3.49,3.55,503700,NaN,NaN,NaN,NaN,NaN,NaN,NaN
1723078800,3.55,3.61,3.55,3.57,231400,NaN,NaN,NaN,NaN,NaN,NaN,NaN
1723165200,3.59,3.6,3.57,3.57,93700,NaN,NaN,NaN,NaN,NaN,NaN,NaN
1723424400,3.56,3.63,3.56,3.58,160800,NaN,NaN,NaN,NaN,NaN,NaN,NaN
1723510800,3.61,3.61,3.56,3.56,220200,NaN,NaN,NaN,NaN,NaN,NaN,NaN
1723597200,3.56,3.65,3.56,3.62,629900,NaN,NaN,NaN,NaN,NaN,NaN,NaN
1723683600,3.65,3.65,3.6,3.62,395800,NaN,NaN,NaN,NaN,NaN,NaN,NaN
1723770000,3.61,3.68,3.6,3.65,466400,NaN,NaN,NaN,NaN,NaN,NaN,NaN
1724029200,3.67,3.71,3.66,3.67,687000,NaN,NaN,NaN,NaN,NaN,NaN,NaN
1724115600,3.68,3.71,3.61,3.63,264600,NaN,NaN,NaN,NaN,NaN,NaN,NaN
1724202000,3.68,3.68,3.61,3.66,57100,NaN,NaN,NaN,NaN,NaN,NaN,NaN
1724288400,3.66,3.69,3.64,3.64,165200,NaN,NaN,NaN,NaN,NaN,NaN,NaN
1724374800,3.64,3.69,3.63,3.64,138800,NaN,NaN,NaN,NaN,NaN,NaN,NaN
1724634000,3.64,3.65,3.63,3.63,104000,NaN,NaN,NaN,NaN,NaN,NaN,NaN
1724720400,3.63,3.67,3.6,3.61,245900,NaN,NaN,NaN,NaN,NaN,NaN,NaN
1724806800,3.65,3.76,3.65,3.71,2695700,NaN,NaN,NaN,NaN,NaN,NaN,NaN
1724893200,3.71,3.71,3.66,3.66,468700,NaN,NaN,NaN,NaN,NaN,NaN,NaN
1724979600,3.66,3.73,3.66,3.69,340000,NaN,NaN,NaN,NaN,NaN,NaN,NaN
1725238800,3.69,3.71,3.66,3.67,134400,NaN,NaN,NaN,NaN,NaN,NaN,NaN
1725325200,3.67,3.7,3.63,3.65,265600,NaN,NaN,NaN,NaN,NaN,NaN,NaN
1725411600,3.64,3.72,3.64,3.69,322600,NaN,NaN,NaN,NaN,NaN,NaN,NaN
1725498000,3.72,3.73,3.67,3.68,730400,NaN,NaN,NaN,NaN,NaN,NaN,NaN
1725584400,3.72,3.72,3.63,3.63,151000,NaN,NaN,NaN,NaN,NaN,NaN,NaN
1725843600,3.63,3.65,3.62,3.63,263500,NaN,NaN,NaN,NaN,NaN,NaN,NaN
1725930000,3.64,3.69,3.63,3.69,735200,NaN,NaN,NaN,NaN,NaN,NaN,NaN
1726016400,3.69,3.69,3.64,3.68,1606200,NaN,NaN,NaN,NaN,NaN,NaN,NaN
1726102800,3.69,3.71,3.64,3.67,59300,NaN,NaN,NaN,NaN,NaN,NaN,NaN
1726189200,3.68,3.71,3.65,3.66,182000,NaN,NaN,NaN,NaN,NaN,NaN,NaN
1726534800,3.66,3.71,3.66,3.66,259800,NaN,NaN,NaN,NaN,NaN,NaN,NaN
1726621200,3.66,3.66,3.65,3.66,273300,NaN,NaN,NaN,NaN,NaN,NaN,NaN
1726707600,3.67,3.67,3.66,3.67,167000,NaN,NaN,NaN,NaN,NaN,NaN,NaN
1726794000,3.68,3.69,3.66,3.68,163500,NaN,NaN,NaN,NaN,NaN,NaN,NaN
1727053200,3.69,3.71,3.67,3.68,190700,NaN,NaN,NaN,NaN,NaN,NaN,NaN
1727139600,3.68,3.7,3.68,3.69,513100,NaN,NaN,NaN,NaN,NaN,NaN,NaN
1727226000,3.69,3.75,3.67,3.75,1316200,NaN,NaN,NaN,NaN,NaN,NaN,NaN
1727312400,3.75,3.75,3.72,3.74,42500,NaN,NaN,NaN,NaN,NaN,NaN,NaN
1727398800,3.74,3.78,3.74,3.76,243900,NaN,NaN,NaN,NaN,NaN,NaN,NaN
1727658000,3.76,3.8,3.73,3.8,626000,1284000000,3541624000,2148210000,151018000,2131565000,1393414000,6.45526315789474
1727744400,3.8,3.87,3.8,3.87,572900,NaN,NaN,NaN,NaN,NaN,NaN,NaN
1727830800,3.87,3.87,3.78,3.79,355900,NaN,NaN,NaN,NaN,NaN,NaN,NaN
1727917200,3.83,3.86,3.8,3.83,825400,NaN,NaN,NaN,NaN,NaN,NaN,NaN
1728003600,3.71,3.79,3.7,3.77,317300,NaN,NaN,NaN,NaN,NaN,NaN,NaN
1728262800,3.77,3.77,3.68,3.69,1661900,NaN,NaN,NaN,NaN,NaN,NaN,NaN
1728349200,3.69,3.75,3.68,3.73,1029500,NaN,NaN,NaN,NaN,NaN,NaN,NaN
1728435600,3.75,3.76,3.7,3.71,391800,NaN,NaN,NaN,NaN,NaN,NaN,NaN
1728522000,3.73,3.75,3.65,3.7,543400,NaN,NaN,NaN,NaN,NaN,NaN,NaN
1728608400,3.69,3.72,3.69,3.71,1010900,NaN,NaN,NaN,NaN,NaN,NaN,NaN
1728867600,3.71,3.85,3.71,3.8,2159500,NaN,NaN,NaN,NaN,NaN,NaN,NaN
1728954000,3.8,3.84,3.77,3.78,349100,NaN,NaN,NaN,NaN,NaN,NaN,NaN
1729040400,3.78,3.89,3.76,3.76,5488100,NaN,NaN,NaN,NaN,NaN,NaN,NaN
1729126800,3.76,3.93,3.76,3.85,2320700,NaN,NaN,NaN,NaN,NaN,NaN,NaN
1729213200,3.89,4.02,3.86,3.99,2043600,NaN,NaN,NaN,NaN,NaN,NaN,NaN
1729472400,4.01,4.1,3.94,3.94,1820900,NaN,NaN,NaN,NaN,NaN,NaN,NaN
1729558800,3.94,4.02,3.94,3.96,943300,NaN,NaN,NaN,NaN,NaN,NaN,NaN
1729645200,3.98,4,3.92,3.93,1611200,NaN,NaN,NaN,NaN,NaN,NaN,NaN
1729731600,3.93,3.98,3.92,3.92,493900,NaN,NaN,NaN,NaN,NaN,NaN,NaN
1729818000,3.92,4.01,3.92,3.93,717100,NaN,NaN,NaN,NaN,NaN,NaN,NaN
1730077200,3.96,3.98,3.85,3.89,900200,NaN,NaN,NaN,NaN,NaN,NaN,NaN
1730163600,3.87,3.88,3.79,3.81,705400,NaN,NaN,NaN,NaN,NaN,NaN,NaN
1730250000,3.81,3.81,3.74,3.74,730600,NaN,NaN,NaN,NaN,NaN,NaN,NaN
1730422800,3.74,3.77,3.72,3.75,620800,NaN,NaN,NaN,NaN,NaN,NaN,NaN
1730682000,3.75,3.78,3.72,3.76,1545800,NaN,NaN,NaN,NaN,NaN,NaN,NaN
1730768400,3.76,3.79,3.74,3.79,227600,NaN,NaN,NaN,NaN,NaN,NaN,NaN
1730854800,3.79,3.82,3.77,3.8,689000,NaN,NaN,NaN,NaN,NaN,NaN,NaN
1730941200,3.84,3.84,3.75,3.78,851600,NaN,NaN,NaN,NaN,NaN,NaN,NaN
1731027600,3.78,3.81,3.77,3.79,768900,NaN,NaN,NaN,NaN,NaN,NaN,NaN
1731286800,3.79,3.79,3.76,3.79,62500,NaN,NaN,NaN,NaN,NaN,NaN,NaN
1731373200,3.79,3.8,3.76,3.78,300400,NaN,NaN,NaN,NaN,NaN,NaN,NaN
1731459600,3.76,3.79,3.74,3.79,628400,NaN,NaN,NaN,NaN,NaN,NaN,NaN
1731546000,3.79,3.79,3.76,3.79,477400,NaN,NaN,NaN,NaN,NaN,NaN,NaN
1731632400,3.8,3.85,3.79,3.83,526900,NaN,NaN,NaN,NaN,NaN,NaN,NaN
1731891600,3.85,3.88,3.78,3.85,516800,NaN,NaN,NaN,NaN,NaN,NaN,NaN
1731978000,3.87,3.9,3.86,3.89,210900,NaN,NaN,NaN,NaN,NaN,NaN,NaN
1732064400,3.9,3.9,3.87,3.89,265800,NaN,NaN,NaN,NaN,NaN,NaN,NaN
1732150800,3.88,3.88,3.83,3.84,365200,NaN,NaN,NaN,NaN,NaN,NaN,NaN
1732237200,3.83,3.83,3.8,3.81,487400,NaN,NaN,NaN,NaN,NaN,NaN,NaN
1732496400,3.81,3.85,3.81,3.82,572500,NaN,NaN,NaN,NaN,NaN,NaN,NaN
1732582800,3.89,4.06,3.89,4.02,1503600,NaN,NaN,NaN,NaN,NaN,NaN,NaN
1732669200,4.02,4.27,4.02,4.2,1835000,NaN,NaN,NaN,NaN,NaN,NaN,NaN
1732755600,4.2,4.28,4.19,4.23,1172400,NaN,NaN,NaN,NaN,NaN,NaN,NaN
1732842000,4.22,4.34,4.22,4.3,1371700,NaN,NaN,NaN,NaN,NaN,NaN,NaN
1733101200,4.3,4.37,4.26,4.26,538500,NaN,NaN,NaN,NaN,NaN,NaN,NaN
1733187600,4.3,4.35,4.24,4.35,1166300,NaN,NaN,NaN,NaN,NaN,NaN,NaN
1733274000,4.38,4.55,4.35,4.5,852000,NaN,NaN,NaN,NaN,NaN,NaN,NaN
1733360400,4.5,4.53,4.49,4.5,464400,NaN,NaN,NaN,NaN,NaN,NaN,NaN
1733446800,4.51,4.51,4.45,4.47,257600,NaN,NaN,NaN,NaN,NaN,NaN,NaN
1733706000,4.47,4.47,4.29,4.29,415600,NaN,NaN,NaN,NaN,NaN,NaN,NaN
1733792400,4.4,4.4,4.19,4.21,1321200,NaN,NaN,NaN,NaN,NaN,NaN,NaN
1733878800,4.2,4.21,4.05,4.07,794600,NaN,NaN,NaN,NaN,NaN,NaN,NaN
1733965200,4.18,4.23,4.07,4.17,594500,NaN,NaN,NaN,NaN,NaN,NaN,NaN
1734051600,4.17,4.2,4.09,4.15,488600,NaN,NaN,NaN,NaN,NaN,NaN,NaN
1734310800,4.15,4.24,4.13,4.23,1034000,NaN,NaN,NaN,NaN,NaN,NaN,NaN
1734397200,4.23,4.27,4.13,4.18,358300,NaN,NaN,NaN,NaN,NaN,NaN,NaN
1734483600,4.17,4.19,4.14,4.17,330900,NaN,NaN,NaN,NaN,NaN,NaN,NaN
1734570000,4.13,4.27,4.08,4.2,654600,NaN,NaN,NaN,NaN,NaN,NaN,NaN
1734656400,4.2,4.32,4.2,4.29,387300,NaN,NaN,NaN,NaN,NaN,NaN,NaN
1734915600,4.29,4.29,4.2,4.22,281500,NaN,NaN,NaN,NaN,NaN,NaN,NaN
1735002000,4.22,4.23,4.18,4.23,209200,NaN,NaN,NaN,NaN,NaN,NaN,NaN
1735174800,4.23,4.23,4.21,4.21,47200,NaN,NaN,NaN,NaN,NaN,NaN,NaN
1735261200,4.25,4.27,4.24,4.27,64600,NaN,NaN,NaN,NaN,NaN,NaN,NaN
1735520400,4.28,4.3,4.25,4.29,140500,NaN,NaN,NaN,NaN,NaN,NaN,NaN
1735606800,4.29,4.3,4.26,4.29,129300,1284000000,3690581000,2184412000,146057000,2055945000.0000002,1506169000,6.10489510489511
1735779600,4.28,4.35,4.24,4.34,358900,NaN,NaN,NaN,NaN,NaN,NaN,NaN
1735866000,4.33,4.36,4.29,4.35,1339400,NaN,NaN,NaN,NaN,NaN,NaN,NaN
1736125200,4.35,4.42,4.35,4.37,1068100,NaN,NaN,NaN,NaN,NaN,NaN,NaN
1736211600,4.37,4.42,4.34,4.39,217600,NaN,NaN,NaN,NaN,NaN,NaN,NaN
1736298000,4.39,4.41,4.35,4.39,190700,NaN,NaN,NaN,NaN,NaN,NaN,NaN
1736384400,4.39,4.41,4.33,4.41,154500,NaN,NaN,NaN,NaN,NaN,NaN,NaN
1736470800,4.42,4.42,4.34,4.35,171900,NaN,NaN,NaN,NaN,NaN,NaN,NaN
1736730000,4.31,4.35,4.25,4.34,402700,NaN,NaN,NaN,NaN,NaN,NaN,NaN
1736816400,4.33,4.34,4.29,4.34,77600,NaN,NaN,NaN,NaN,NaN,NaN,NaN
1736902800,4.34,4.34,4.2,4.25,274800,NaN,NaN,NaN,NaN,NaN,NaN,NaN
1736989200,4.21,4.23,4.1,4.1,1113300,NaN,NaN,NaN,NaN,NaN,NaN,NaN
1737075600,4.08,4.23,4.04,4.13,1895800,NaN,NaN,NaN,NaN,NaN,NaN,NaN
1737334800,4.13,4.25,4.13,4.22,181600,NaN,NaN,NaN,NaN,NaN,NaN,NaN
1737421200,4.21,4.28,4.21,4.25,49400,NaN,NaN,NaN,NaN,NaN,NaN,NaN
1737507600,4.28,4.28,4.21,4.25,282300,NaN,NaN,NaN,NaN,NaN,NaN,NaN
1737594000,4.29,4.37,4.26,4.34,442500,NaN,NaN,NaN,NaN,NaN,NaN,NaN
1737680400,4.34,4.34,4.21,4.25,120000,NaN,NaN,NaN,NaN,NaN,NaN,NaN
1737939600,4.23,4.25,4.18,4.18,804800,NaN,NaN,NaN,NaN,NaN,NaN,NaN
1738026000,4.17,4.17,4.09,4.12,681300,NaN,NaN,NaN,NaN,NaN,NaN,NaN
1738285200,4.1,4.2,4.1,4.1,1135600,NaN,NaN,NaN,NaN,NaN,NaN,NaN
1738544400,4.1,4.2,4.1,4.19,884900,NaN,NaN,NaN,NaN,NaN,NaN,NaN
1738630800,4.18,4.21,4.17,4.17,1242600,NaN,NaN,NaN,NaN,NaN,NaN,NaN
1738717200,4.17,4.21,4.13,4.18,959300,NaN,NaN,NaN,NaN,NaN,NaN,NaN
1738803600,4.18,4.23,4.13,4.17,459300,NaN,NaN,NaN,NaN,NaN,NaN,NaN
1738890000,4.19,4.19,4.12,4.18,1210500,NaN,NaN,NaN,NaN,NaN,NaN,NaN
1739149200,4.19,4.19,4.14,4.17,689600,NaN,NaN,NaN,NaN,NaN,NaN,NaN
1739322000,4.19,4.25,4.16,4.21,2722800,NaN,NaN,NaN,NaN,NaN,NaN,NaN
1739408400,4.25,4.32,4.19,4.2,1383000,NaN,NaN,NaN,NaN,NaN,NaN,NaN
1739494800,4.2,4.26,4.17,4.23,2049400,NaN,NaN,NaN,NaN,NaN,NaN,NaN
1739754000,4.23,4.27,4.21,4.25,1861900,NaN,NaN,NaN,NaN,NaN,NaN,NaN
1739840400,4.26,4.26,4.17,4.18,1363600,NaN,NaN,NaN,NaN,NaN,NaN,NaN
1739926800,4.22,4.26,4.18,4.18,1124900,NaN,NaN,NaN,NaN,NaN,NaN,NaN
1740013200,4.21,4.21,4.11,4.14,1998900,NaN,NaN,NaN,NaN,NaN,NaN,NaN
1740099600,4.12,4.13,4.07,4.1,983900,NaN,NaN,NaN,NaN,NaN,NaN,NaN
1740358800,4.1,4.14,4.01,4.11,257800,NaN,NaN,NaN,NaN,NaN,NaN,NaN
1740445200,4.11,4.11,4.04,4.1,289800,NaN,NaN,NaN,NaN,NaN,NaN,NaN
1740531600,4.07,4.13,4.01,4.03,1329600,NaN,NaN,NaN,NaN,NaN,NaN,NaN
1740618000,4.03,4.09,4.03,4.07,708700,NaN,NaN,NaN,NaN,NaN,NaN,NaN
1740704400,4.07,4.14,4.07,4.14,2058100,NaN,NaN,NaN,NaN,NaN,NaN,NaN
1740963600,4.15,4.17,4.12,4.13,226800,NaN,NaN,NaN,NaN,NaN,NaN,NaN
1741050000,4.13,4.15,4.09,4.14,1266600,NaN,NaN,NaN,NaN,NaN,NaN,NaN
1741136400,4.11,4.14,4.1,4.12,326100,NaN,NaN,NaN,NaN,NaN,NaN,NaN
1741222800,4.15,4.16,4.12,4.13,351700,NaN,NaN,NaN,NaN,NaN,NaN,NaN
1741309200,4.16,4.16,4.12,4.13,245300,NaN,NaN,NaN,NaN,NaN,NaN,NaN
1741568400,4.13,4.14,4.08,4.12,358700,NaN,NaN,NaN,NaN,NaN,NaN,NaN
1741654800,4.08,4.13,4.07,4.1,467500,NaN,NaN,NaN,NaN,NaN,NaN,NaN
1741741200,4.1,4.11,4.05,4.08,573400,NaN,NaN,NaN,NaN,NaN,NaN,NaN
1741827600,4.08,4.15,4.08,4.12,1321100,NaN,NaN,NaN,NaN,NaN,NaN,NaN
1741914000,4.12,4.19,4.12,4.17,337200,NaN,NaN,NaN,NaN,NaN,NaN,NaN
1742173200,4.16,4.25,4.12,4.2,505300,NaN,NaN,NaN,NaN,NaN,NaN,NaN
1742346000,4.2,4.27,4.18,4.26,361100,NaN,NaN,NaN,NaN,NaN,NaN,NaN
1742432400,4.26,4.3,4.23,4.25,587400,NaN,NaN,NaN,NaN,NaN,NaN,NaN
1742518800,4.25,4.25,4.2,4.22,805800,NaN,NaN,NaN,NaN,NaN,NaN,NaN
1742778000,4.27,4.27,4.14,4.21,1267800,NaN,NaN,NaN,NaN,NaN,NaN,NaN
1742864400,4.25,4.25,4.13,4.14,1419700,NaN,NaN,NaN,NaN,NaN,NaN,NaN
1742950800,4.14,4.2,4.12,4.15,1520900,NaN,NaN,NaN,NaN,NaN,NaN,NaN
1743037200,4.24,4.31,4.21,4.29,1543900,NaN,NaN,NaN,NaN,NaN,NaN,NaN
1743123600,4.3,4.32,4.26,4.31,876900,1284000000,3599505000,2249389000,128663000.00000001,1844665000,1350116000,6.07656612529002
1743555600,4.27,4.38,4.2,4.36,1378800,NaN,NaN,NaN,NaN,NaN,NaN,NaN
1743642000,4.35,4.41,4.23,4.23,891900,NaN,NaN,NaN,NaN,NaN,NaN,NaN
1743728400,4.13,4.25,4.1,4.2,853500,NaN,NaN,NaN,NaN,NaN,NaN,NaN
1743987600,4.13,4.13,3.9,3.94,1519600,NaN,NaN,NaN,NaN,NaN,NaN,NaN
1744074000,3.98,4,3.86,3.96,2489100,NaN,NaN,NaN,NaN,NaN,NaN,NaN
1744160400,3.9,3.96,3.66,3.75,1953900,NaN,NaN,NaN,NaN,NaN,NaN,NaN
1744246800,3.9,3.95,3.83,3.88,1043600,NaN,NaN,NaN,NaN,NaN,NaN,NaN
1744333200,3.85,4.06,3.79,4.06,1557200,NaN,NaN,NaN,NaN,NaN,NaN,NaN
1744592400,3.98,4.1,3.98,4.05,311200,NaN,NaN,NaN,NaN,NaN,NaN,NaN
1744678800,4.06,4.1,4.03,4.08,572500,NaN,NaN,NaN,NaN,NaN,NaN,NaN
1744765200,4.12,4.13,4.02,4.08,1057500,NaN,NaN,NaN,NaN,NaN,NaN,NaN
1744851600,4.08,4.12,4.05,4.1,126400,NaN,NaN,NaN,NaN,NaN,NaN,NaN
1744938000,4.1,4.11,4.06,4.07,248200,NaN,NaN,NaN,NaN,NaN,NaN,NaN
1745197200,4.05,4.08,4.05,4.06,221500,NaN,NaN,NaN,NaN,NaN,NaN,NaN
1745283600,4.06,4.12,4.06,4.11,274500,NaN,NaN,NaN,NaN,NaN,NaN,NaN
1745370000,4.11,4.14,4.08,4.14,233300,NaN,NaN,NaN,NaN,NaN,NaN,NaN
1745456400,4.15,4.19,4.1,4.18,273100,NaN,NaN,NaN,NaN,NaN,NaN,NaN
1745542800,4.2,4.27,4.2,4.2,625500,NaN,NaN,NaN,NaN,NaN,NaN,NaN
1745802000,4.24,4.25,4.16,4.17,188200,NaN,NaN,NaN,NaN,NaN,NaN,NaN
1745888400,4.2,4.27,4.18,4.2,839000,NaN,NaN,NaN,NaN,NaN,NaN,NaN
1745974800,4.22,4.25,4.18,4.23,470600,NaN,NaN,NaN,NaN,NaN,NaN,NaN
1746147600,4.24,4.24,4.2,4.23,624300,NaN,NaN,NaN,NaN,NaN,NaN,NaN
1746406800,4.23,4.26,4.14,4.14,677800,NaN,NaN,NaN,NaN,NaN,NaN,NaN
1746493200,4.14,4.17,4.11,4.13,477500,NaN,NaN,NaN,NaN,NaN,NaN,NaN
1746579600,4.13,4.17,4.11,4.16,545500,NaN,NaN,NaN,NaN,NaN,NaN,NaN
1746666000,4.16,4.19,4.12,4.13,732700,NaN,NaN,NaN,NaN,NaN,NaN,NaN
1746752400,4.15,4.16,4.13,4.14,1484000,NaN,NaN,NaN,NaN,NaN,NaN,NaN
1747098000,4.14,4.17,4.13,4.13,463200,NaN,NaN,NaN,NaN,NaN,NaN,NaN
1747184400,4.13,4.16,4.1,4.12,1389900,NaN,NaN,NaN,NaN,NaN,NaN,NaN
1747270800,4.14,4.18,4.12,4.14,1207200,NaN,NaN,NaN,NaN,NaN,NaN,NaN
1747357200,4.15,4.17,4.13,4.16,825200,NaN,NaN,NaN,NaN,NaN,NaN,NaN
1747616400,4.16,4.19,4.14,4.15,1022200,NaN,NaN,NaN,NaN,NaN,NaN,NaN
1747702800,4.14,4.17,4.14,4.16,932600,NaN,NaN,NaN,NaN,NaN,NaN,NaN
1747789200,4.18,4.24,4.18,4.23,1075600,NaN,NaN,NaN,NaN,NaN,NaN,NaN
1747875600,4.23,4.36,4.19,4.35,1456800,NaN,NaN,NaN,NaN,NaN,NaN,NaN
1747962000,4.35,4.42,4.3,4.37,976400,NaN,NaN,NaN,NaN,NaN,NaN,NaN
1748221200,4.3,4.31,4.13,4.16,3516100,NaN,NaN,NaN,NaN,NaN,NaN,NaN
1748307600,4.16,4.16,4.08,4.14,2730700,NaN,NaN,NaN,NaN,NaN,NaN,NaN
1748394000,4.11,4.15,4.09,4.13,1162400,NaN,NaN,NaN,NaN,NaN,NaN,NaN
1748480400,4.13,4.17,4.09,4.13,1348000,NaN,NaN,NaN,NaN,NaN,NaN,NaN
1748566800,4.13,4.17,4.11,4.17,1311500,NaN,NaN,NaN,NaN,NaN,NaN,NaN
1748912400,4.18,4.18,4.12,4.14,446400,NaN,NaN,NaN,NaN,NaN,NaN,NaN
1748998800,4.13,4.2,4.12,4.2,540600,NaN,NaN,NaN,NaN,NaN,NaN,NaN
1749085200,4.2,4.22,4.18,4.21,386800,NaN,NaN,NaN,NaN,NaN,NaN,NaN
1749171600,4.24,4.25,4.2,4.21,581800,NaN,NaN,NaN,NaN,NaN,NaN,NaN
1749430800,4.21,4.25,4.21,4.24,283100,NaN,NaN,NaN,NaN,NaN,NaN,NaN
1749517200,4.22,4.28,4.21,4.28,827900,NaN,NaN,NaN,NaN,NaN,NaN,NaN
1749603600,4.17,4.22,4.12,4.2,1339300,NaN,NaN,NaN,NaN,NaN,NaN,NaN
1749690000,4.2,4.2,4.08,4.09,831700,NaN,NaN,NaN,NaN,NaN,NaN,NaN
1749776400,4.09,4.22,4.09,4.17,548800,NaN,NaN,NaN,NaN,NaN,NaN,NaN
1750035600,4.17,4.22,4.17,4.2,467600,NaN,NaN,NaN,NaN,NaN,NaN,NaN
1750122000,4.22,4.24,4.21,4.22,838900,NaN,NaN,NaN,NaN,NaN,NaN,NaN
1750208400,4.22,4.24,4.2,4.21,1720100,NaN,NaN,NaN,NaN,NaN,NaN,NaN
1750294800,4.2,4.22,4.19,4.21,1374800,NaN,NaN,NaN,NaN,NaN,NaN,NaN
1750381200,4.2,4.29,4.19,4.28,386900,NaN,NaN,NaN,NaN,NaN,NaN,NaN
1750640400,4.29,4.29,4.17,4.2,1220800,NaN,NaN,NaN,NaN,NaN,NaN,NaN
1750726800,4.22,4.28,4.22,4.25,1117900,NaN,NaN,NaN,NaN,NaN,NaN,NaN
1750813200,4.26,4.31,4.23,4.25,1340400,NaN,NaN,NaN,NaN,NaN,NaN,NaN
1750899600,4.29,4.32,4.23,4.23,903800,NaN,NaN,NaN,NaN,NaN,NaN,NaN
1751245200,4.25,4.3,4.22,4.27,1622300,1284000000,3413666000,1961856000,129985000.00000001,1802431000,1451810000,6.06088992974239
1751331600,4.27,4.29,4.26,4.28,1229600,NaN,NaN,NaN,NaN,NaN,NaN,NaN
1751418000,4.29,4.34,4.29,4.34,1167200,NaN,NaN,NaN,NaN,NaN,NaN,NaN
1751504400,4.35,4.43,4.3,4.43,1185400,NaN,NaN,NaN,NaN,NaN,NaN,NaN
1751590800,4.43,4.43,4.34,4.34,367400,NaN,NaN,NaN,NaN,NaN,NaN,NaN
1751850000,4.34,4.39,4.3,4.38,510400,NaN,NaN,NaN,NaN,NaN,NaN,NaN
1751936400,4.34,4.39,4.32,4.36,893500,NaN,NaN,NaN,NaN,NaN,NaN,NaN
1752022800,4.36,4.37,4.35,4.36,342900,NaN,NaN,NaN,NaN,NaN,NaN,NaN
1752109200,4.36,4.41,4.36,4.41,249900,NaN,NaN,NaN,NaN,NaN,NaN,NaN
1752195600,4.41,4.41,4.37,4.39,344400,NaN,NaN,NaN,NaN,NaN,NaN,NaN
1752454800,4.36,4.41,4.35,4.35,294600,NaN,NaN,NaN,NaN,NaN,NaN,NaN
1752541200,4.35,4.37,4.31,4.33,781600,NaN,NaN,NaN,NaN,NaN,NaN,NaN
1752627600,4.38,4.38,4.26,4.3,347000,NaN,NaN,NaN,NaN,NaN,NaN,NaN
1752714000,4.3,4.33,4.27,4.28,246600,NaN,NaN,NaN,NaN,NaN,NaN,NaN
1752800400,4.28,4.32,4.28,4.29,149000,NaN,NaN,NaN,NaN,NaN,NaN,NaN
1753059600,4.3,4.32,4.26,4.3,473600,NaN,NaN,NaN,NaN,NaN,NaN,NaN
1753146000,4.3,4.31,4.28,4.31,177200,NaN,NaN,NaN,NaN,NaN,NaN,NaN
1753232400,4.31,4.31,4.26,4.27,414300,NaN,NaN,NaN,NaN,NaN,NaN,NaN
1753318800,4.26,4.33,4.26,4.33,224000,NaN,NaN,NaN,NaN,NaN,NaN,NaN
1753405200,4.32,4.33,4.26,4.27,416600,NaN,NaN,NaN,NaN,NaN,NaN,NaN
1753664400,4.27,4.28,4.23,4.23,747100,NaN,NaN,NaN,NaN,NaN,NaN,NaN
1753750800,4.24,4.24,4.17,4.2,875000,NaN,NaN,NaN,NaN,NaN,NaN,NaN
1753837200,4.2,4.2,4.13,4.16,669400,NaN,NaN,NaN,NaN,NaN,NaN,NaN
1753923600,4.15,4.18,4.12,4.16,391900,NaN,NaN,NaN,NaN,NaN,NaN,NaN
1754010000,4.16,4.24,4.12,4.24,5649600,NaN,NaN,NaN,NaN,NaN,NaN,NaN
1754269200,4.22,4.22,4.15,4.17,617800,NaN,NaN,NaN,NaN,NaN,NaN,NaN
1754355600,4.15,4.24,4.15,4.23,1195100,NaN,NaN,NaN,NaN,NaN,NaN,NaN
1754442000,4.2,4.28,4.2,4.23,200400,NaN,NaN,NaN,NaN,NaN,NaN,NaN
1754528400,4.27,4.27,4.23,4.24,139400,NaN,NaN,NaN,NaN,NaN,NaN,NaN
1754614800,4.27,4.33,4.24,4.31,216000,NaN,NaN,NaN,NaN,NaN,NaN,NaN
1754874000,4.3,4.3,4.25,4.26,167900,NaN,NaN,NaN,NaN,NaN,NaN,NaN
1754960400,4.27,4.38,4.26,4.38,482000,NaN,NaN,NaN,NaN,NaN,NaN,NaN
1755046800,4.38,4.39,4.36,4.36,140800,NaN,NaN,NaN,NaN,NaN,NaN,NaN
1755133200,4.35,4.39,4.33,4.35,417700,NaN,NaN,NaN,NaN,NaN,NaN,NaN
1755219600,4.35,4.35,4.28,4.34,804400,NaN,NaN,NaN,NaN,NaN,NaN,NaN
1755478800,4.32,4.35,4.28,4.34,452200,NaN,NaN,NaN,NaN,NaN,NaN,NaN
1755565200,4.33,4.55,4.32,4.46,982800,NaN,NaN,NaN,NaN,NaN,NaN,NaN
1755651600,4.46,4.46,4.26,4.3,577000,NaN,NaN,NaN,NaN,NaN,NaN,NaN
1755738000,4.3,4.33,4.27,4.3,1107600,NaN,NaN,NaN,NaN,NaN,NaN,NaN
1755824400,4.3,4.39,4.2,4.35,477700,NaN,NaN,NaN,NaN,NaN,NaN,NaN
1756083600,4.38,4.42,4.34,4.37,1314300,NaN,NaN,NaN,NaN,NaN,NaN,NaN
1756170000,4.37,4.41,4.26,4.26,948900,NaN,NaN,NaN,NaN,NaN,NaN,NaN
1756256400,4.27,4.44,4.27,4.39,1060500,NaN,NaN,NaN,NaN,NaN,NaN,NaN
1756342800,4.39,4.45,4.35,4.35,1000200,NaN,NaN,NaN,NaN,NaN,NaN,NaN
1756429200,4.35,4.43,4.35,4.4,2122400,NaN,NaN,NaN,NaN,NaN,NaN,NaN
1756774800,4.4,4.4,4.3,4.39,659400,NaN,NaN,NaN,NaN,NaN,NaN,NaN
1756861200,4.34,4.44,4.34,4.39,1728100,NaN,NaN,NaN,NaN,NaN,NaN,NaN
1756947600,4.39,4.41,4.3,4.3,721600,NaN,NaN,NaN,NaN,NaN,NaN,NaN
1757293200,4.3,4.32,4.24,4.27,2410300,NaN,NaN,NaN,NaN,NaN,NaN,NaN
1757379600,4.27,4.32,4.27,4.27,1117800,NaN,NaN,NaN,NaN,NaN,NaN,NaN
1757466000,4.29,4.32,4.25,4.3,634900,NaN,NaN,NaN,NaN,NaN,NaN,NaN
1757552400,4.31,4.38,4.3,4.3,993000,NaN,NaN,NaN,NaN,NaN,NaN,NaN
1757638800,4.31,4.34,4.3,4.31,2573000,NaN,NaN,NaN,NaN,NaN,NaN,NaN
1758070800,4.31,4.36,4.29,4.32,5066000,NaN,NaN,NaN,NaN,NaN,NaN,NaN
1758157200,4.34,4.4,4.29,4.35,3878000,NaN,NaN,NaN,NaN,NaN,NaN,NaN
1758243600,4.31,4.33,4.28,4.32,18992200,NaN,NaN,NaN,NaN,NaN,NaN,NaN
1758502800,4.32,4.32,4.29,4.3,1446100,NaN,NaN,NaN,NaN,NaN,NaN,NaN
1758589200,4.33,4.33,4.27,4.27,1019400,NaN,NaN,NaN,NaN,NaN,NaN,NaN
1758675600,4.28,4.3,4.26,4.3,543200,NaN,NaN,NaN,NaN,NaN,NaN,NaN
1758762000,4.3,4.32,4.28,4.32,643800,NaN,NaN,NaN,NaN,NaN,NaN,NaN
1758848400,4.28,4.32,4.28,4.31,580700,NaN,NaN,NaN,NaN,NaN,NaN,NaN